Customer Reference ID,Item Purchased,Purchase Amount (USD),Date Purchase,Review Rating,Payment Method
4018,Handbag,4619,5/2/2023,,Credit Card
4115,Tunic,2456,11/7/2023,2,Credit Card
4019,Tank Top,2102,23-03-2023,4.1,Cash
4097,Leggings,3126,15-03-2023,3.2,Cash
3997,Wallet,3003,27-11-2022,4.7,Cash
4080,Onesie,2914,11/12/2022,4.5,Credit Card
4055,Jacket,2571,8/7/2023,1.3,Cash
3973,Trousers,2419,10/11/2022,4.6,Cash
4044,Jeans,4771,19-05-2023,4.1,Cash
4010,Loafers,4233,11/6/2023,,Credit Card
4108,Slippers,2356,19-03-2023,4.8,Credit Card
4067,Bowtie,4418,21-11-2022,3.4,Cash
4068,Pajamas,3728,9/12/2022,,Credit Card
4102,Trench Coat,2130,29-01-2023,4.8,Cash
4044,Handbag,2122,1/8/2023,1.2,Credit Card
4096,Poncho,2383,10/4/2023,,Credit Card
4017,Gloves,2895,17-07-2023,3.6,Credit Card
4001,Trench Coat,2952,13-06-2023,2.2,Cash
3976,Slippers,4069,18-06-2023,4.9,Credit Card
4103,Romper,4465,21-11-2022,,Credit Card
4081,T-shirt,2108,25-03-2023,,Cash
3986,Gloves,4298,5/4/2023,4.2,Cash
4108,Jeans,2814,11/2/2023,4.4,Credit Card
4109,Flip-Flops,4932,20-12-2022,4,Credit Card
4075,Tunic,4661,12/4/2023,1.2,Credit Card
4040,Shorts,4872,25-08-2023,3.8,Cash
4099,Blazer,4232,25-10-2022,2.7,Credit Card
3981,Boots,3718,10/9/2023,2.8,Credit Card
4070,Poncho,2902,4/8/2023,4.9,Cash
4002,Belt,3839,26-05-2023,1.8,Cash
4035,Tunic,4413,23-12-2022,1.2,Credit Card
4060,Boots,3139,26-01-2023,3.4,Credit Card
3974,Flip-Flops,2026,16-04-2023,4,Cash
4110,Hoodie,2653,11/10/2022,4.2,Credit Card
3984,Sweater,4859,19-12-2022,5,Cash
4109,Blouse,3731,2/3/2023,,Credit Card
4054,Swimsuit,3393,28-02-2023,4.3,Cash
4040,Kimono,3138,12/5/2023,,Credit Card
4083,Cardigan,2636,9/4/2023,1.7,Cash
4122,Socks,2881,22-02-2023,,Credit Card
3972,Pants,3378,6/5/2023,3.6,Cash
3980,Pajamas,2418,26-05-2023,2.2,Credit Card
4012,Scarf,2379,29-05-2023,2.9,Credit Card
3992,Backpack,101,13-12-2022,1.3,Credit Card
4105,Dress,164,20-10-2022,3.2,Credit Card
4119,Boots,21,3/4/2023,3.9,Cash
3957,Camisole,147,4/11/2022,4.7,Cash
3994,Loafers,,16-05-2023,3.9,Cash
3995,Bowtie,30,23-11-2022,4.1,Cash
4072,Poncho,170,15-10-2022,3.6,Credit Card
4093,Trousers,102,25-05-2023,2.1,Cash
4031,Blouse,190,14-01-2023,3,Cash
4056,Sneakers,,2/11/2022,,Credit Card
4114,Leggings,84,15-06-2023,3.8,Cash
4104,Backpack,69,27-05-2023,2.1,Cash
4071,Tunic,107,3/12/2022,1.5,Cash
4007,Dress,172,5/4/2023,1.9,Cash
4009,Flannel Shirt,51,16-04-2023,1.8,Cash
4038,Tie,63,13-02-2023,4.3,Cash
4033,Backpack,189,31-08-2023,4.9,Cash
4102,Cardigan,175,5/6/2023,3.6,Credit Card
4034,Tunic,,1/7/2023,1.5,Credit Card
4068,Jeans,146,26-08-2023,1.1,Cash
4045,Gloves,51,27-01-2023,2.5,Credit Card
3979,Camisole,79,5/6/2023,1.3,Cash
4106,Trousers,173,7/9/2023,3.4,Credit Card
3959,Trousers,66,2/11/2022,4.5,Cash
4113,Boots,24,20-01-2023,1.2,Credit Card
4087,Scarf,18,21-11-2022,1.7,Credit Card
4060,Polo Shirt,112,8/6/2023,1.2,Cash
3989,Sweater,64,13-03-2023,3.2,Credit Card
4032,Wallet,155,8/3/2023,1.1,Credit Card
3972,Boots,90,26-01-2023,4.6,Credit Card
4051,Umbrella,137,30-06-2023,4.6,Cash
4097,Tank Top,174,10/10/2022,3.4,Cash
3970,Camisole,77,5/1/2023,2.4,Cash
3957,Gloves,,16-05-2023,2.7,Cash
4100,Loafers,147,2/3/2023,3.9,Credit Card
4048,Pajamas,159,8/11/2022,1.2,Credit Card
3985,Flannel Shirt,159,5/3/2023,2.6,Cash
4029,Leggings,66,16-06-2023,3.7,Cash
3964,Hat,45,17-03-2023,4.8,Cash
4017,Bowtie,33,28-09-2023,3.3,Credit Card
4067,Handbag,38,25-05-2023,3.1,Cash
4108,T-shirt,,10/9/2023,2.5,Credit Card
4057,Jacket,,2/1/2023,4.7,Cash
4117,Kimono,162,16-04-2023,1.1,Cash
4038,Jacket,,27-10-2022,4.8,Credit Card
4054,Socks,129,23-12-2022,,Cash
4060,Sweater,151,17-07-2023,3.2,Cash
4054,Handbag,12,29-12-2022,2.6,Credit Card
4068,Pants,39,21-03-2023,2.4,Credit Card
4096,Scarf,147,11/2/2023,4.1,Credit Card
4011,Blouse,174,21-04-2023,3.4,Cash
4001,Hoodie,85,17-09-2023,3.3,Cash
4078,Hat,126,29-06-2023,2.1,Credit Card
3992,Slippers,,26-04-2023,2.9,Cash
4005,Sun Hat,194,16-12-2022,2.9,Credit Card
4099,Scarf,138,20-05-2023,2.9,Credit Card
4055,Boots,139,5/1/2023,1.9,Credit Card
4049,Trench Coat,170,13-07-2023,,Cash
4063,Hoodie,173,23-06-2023,2.1,Credit Card
3996,Belt,60,4/3/2023,2.3,Credit Card
4030,Camisole,,25-10-2022,,Credit Card
3989,Overalls,148,19-05-2023,4.1,Credit Card
3991,Blazer,145,3/5/2023,4.5,Credit Card
3959,Coat,163,9/5/2023,3.5,Credit Card
3975,Camisole,14,7/2/2023,3.5,Cash
4122,Socks,,10/12/2022,,Credit Card
3961,Boots,88,7/10/2022,1.2,Cash
3993,Belt,71,18-05-2023,4.4,Credit Card
4081,Hat,30,1/9/2023,1.2,Credit Card
4068,Loafers,,13-04-2023,1.2,Credit Card
3991,Boots,27,16-09-2023,2,Credit Card
3978,Blazer,146,15-01-2023,3.7,Credit Card
3992,Cardigan,42,14-12-2022,2.4,Credit Card
4121,Sunglasses,150,3/6/2023,3.4,Credit Card
4063,Bowtie,,5/11/2022,1.3,Credit Card
4073,Handbag,165,28-09-2023,3,Credit Card
4111,Socks,64,15-01-2023,2.3,Credit Card
4065,Sneakers,196,24-03-2023,4.3,Credit Card
4116,Onesie,192,16-01-2023,3.6,Credit Card
4003,Hoodie,181,9/7/2023,1.6,Credit Card
4073,Swimsuit,122,25-04-2023,4.2,Credit Card
4087,Vest,125,2/6/2023,2.6,Credit Card
4065,Pajamas,,3/5/2023,2.9,Credit Card
4098,Coat,96,21-09-2023,3.5,Credit Card
4072,Onesie,,11/12/2022,1.2,Cash
4055,Bowtie,160,3/4/2023,4.6,Cash
4047,Belt,28,7/8/2023,,Cash
4014,Trench Coat,25,5/12/2022,4.2,Cash
4004,Flip-Flops,18,21-01-2023,4.1,Credit Card
4065,Poncho,28,29-06-2023,3.3,Credit Card
4111,Belt,81,10/5/2023,1.9,Credit Card
3958,Tunic,64,17-06-2023,1.1,Cash
4104,Pants,195,2/6/2023,2.5,Cash
4084,Onesie,156,8/8/2023,1.3,Credit Card
4017,Jeans,72,28-10-2022,,Credit Card
4085,Tunic,114,28-04-2023,1.9,Credit Card
4025,Pajamas,,10/9/2023,3.3,Cash
4062,Belt,,22-09-2023,2.7,Credit Card
4096,Hoodie,118,17-10-2022,4.4,Cash
4104,Tunic,196,13-02-2023,1.2,Cash
4050,Blazer,,23-06-2023,3.1,Credit Card
3965,Loafers,175,26-06-2023,2.1,Cash
3966,Polo Shirt,,21-04-2023,2.2,Credit Card
4102,Pants,96,31-07-2023,2,Credit Card
4080,Sun Hat,37,14-09-2023,2.4,Cash
4051,Camisole,58,29-01-2023,4,Cash
3985,Hat,45,31-12-2022,2,Credit Card
4105,Sandals,81,31-10-2022,4.5,Credit Card
4080,Pajamas,29,22-09-2023,2.4,Credit Card
3977,Overalls,150,22-03-2023,4.7,Cash
3993,Blazer,,9/4/2023,3.4,Cash
4091,Overalls,148,30-01-2023,2.7,Cash
4028,Cardigan,33,11/2/2023,4.3,Credit Card
4076,Pajamas,70,5/10/2022,3.2,Credit Card
4089,Sun Hat,,28-03-2023,2.6,Cash
3977,Loafers,64,15-10-2022,1.6,Cash
4090,Onesie,25,18-09-2023,2.1,Cash
4113,Jacket,,27-06-2023,1.3,Cash
3979,Trousers,,7/8/2023,4.9,Credit Card
4019,Blouse,126,15-12-2022,3.5,Credit Card
4077,Romper,188,1/6/2023,4.6,Credit Card
4118,Onesie,152,12/1/2023,1.1,Credit Card
3976,Socks,134,24-07-2023,2.1,Credit Card
4119,Pants,,4/5/2023,4.7,Cash
4095,Socks,24,13-11-2022,1.5,Cash
4105,T-shirt,148,18-03-2023,,Credit Card
4036,T-shirt,,3/8/2023,3.8,Credit Card
4113,Trench Coat,22,20-05-2023,1.5,Cash
3970,Camisole,138,9/5/2023,4.7,Cash
4044,Camisole,145,10/2/2023,2.4,Cash
4093,Swimsuit,,6/10/2022,3.2,Cash
3959,Kimono,30,11/3/2023,1.5,Cash
4077,Vest,27,8/1/2023,4.6,Credit Card
4073,Tie,182,16-09-2023,3.5,Cash
4088,Vest,113,2/9/2023,1.2,Credit Card
4077,Poncho,,15-03-2023,2.4,Credit Card
4103,Swimsuit,73,30-04-2023,2.6,Cash
4041,Pajamas,20,20-05-2023,4.3,Cash
4064,Kimono,117,31-10-2022,2.9,Cash
4047,Blazer,154,1/6/2023,1.7,Cash
4032,Backpack,76,15-06-2023,4.7,Cash
4031,Slippers,193,2/8/2023,1.3,Credit Card
3999,Jacket,77,27-05-2023,3.4,Credit Card
3966,Tie,181,14-06-2023,3.6,Credit Card
4109,Dress,127,30-09-2023,2.8,Cash
4034,Shorts,28,24-03-2023,3.4,Cash
4101,Pajamas,,27-03-2023,1.4,Cash
4023,Sunglasses,154,9/2/2023,2.4,Credit Card
3972,Coat,28,22-12-2022,4.6,Credit Card
4118,Socks,139,13-05-2023,4.4,Credit Card
4078,Tunic,99,10/11/2022,2.3,Cash
4105,Belt,72,29-07-2023,1.7,Credit Card
4000,Sandals,50,27-09-2023,4.3,Cash
4103,Jumpsuit,149,16-10-2022,5,Cash
3970,Tunic,166,2/2/2023,3.1,Credit Card
4031,Camisole,177,28-06-2023,3.5,Cash
4116,Raincoat,180,11/2/2023,,Cash
3963,Trench Coat,86,16-12-2022,1.5,Cash
4030,Romper,36,2/1/2023,2.8,Credit Card
4081,Kimono,44,3/6/2023,2.2,Credit Card
3978,Handbag,37,17-01-2023,5,Cash
3989,Tank Top,49,26-04-2023,4.7,Credit Card
4086,Swimsuit,164,7/12/2022,1.6,Cash
3976,Tank Top,97,23-05-2023,4.4,Cash
4028,Sweater,172,15-01-2023,1.1,Credit Card
4021,Backpack,139,2/1/2023,4.8,Cash
3990,Pajamas,23,1/11/2022,4.2,Credit Card
4114,Belt,,28-09-2023,,Cash
4028,Poncho,80,31-12-2022,1.1,Cash
4027,Boots,,30-12-2022,4.8,Credit Card
4022,Boots,43,27-08-2023,3.9,Cash
3960,Onesie,77,16-12-2022,4.3,Cash
3985,Dress,,5/6/2023,1.4,Credit Card
4111,Swimsuit,190,23-11-2022,4.4,Credit Card
4001,Handbag,12,25-11-2022,2.7,Cash
4108,Romper,,9/11/2022,4.5,Credit Card
3995,Umbrella,186,27-05-2023,3.9,Cash
4071,Jeans,149,9/4/2023,2.4,Cash
4051,Tank Top,,31-08-2023,,Credit Card
4001,Wallet,151,9/6/2023,3.9,Cash
4023,Backpack,,8/5/2023,3,Credit Card
4017,Pants,,8/8/2023,3.5,Cash
4081,Sandals,20,2/12/2022,4.1,Cash
4003,Loafers,63,10/6/2023,2.3,Credit Card
4092,Overalls,180,25-11-2022,2.7,Cash
3965,Umbrella,,6/5/2023,4.2,Cash
4044,Pants,114,25-12-2022,4.4,Credit Card
3978,Sandals,49,31-10-2022,4.5,Cash
3994,Boots,70,1/3/2023,,Cash
4109,Loafers,55,21-12-2022,1,Credit Card
3996,Slippers,16,13-08-2023,2.5,Credit Card
4083,Wallet,,7/7/2023,3.7,Credit Card
4062,Coat,115,10/4/2023,1.6,Credit Card
4055,T-shirt,198,29-11-2022,3.9,Credit Card
4017,Shorts,78,26-02-2023,1.8,Credit Card
4069,Jumpsuit,,16-02-2023,4.8,Cash
4120,Hoodie,107,11/7/2023,4,Cash
3999,Backpack,130,26-04-2023,,Cash
4010,Romper,127,24-07-2023,,Credit Card
4104,Pajamas,68,12/7/2023,1.8,Cash
4045,Vest,178,29-01-2023,2.7,Credit Card
3970,Romper,,18-10-2022,2.5,Cash
4121,Slippers,27,11/4/2023,3.6,Credit Card
4024,Hoodie,81,30-12-2022,3.6,Credit Card
3986,Flannel Shirt,140,24-11-2022,2.2,Cash
3970,Socks,147,7/5/2023,2.2,Credit Card
3999,Belt,17,25-07-2023,4.2,Credit Card
4075,Coat,,6/10/2022,2.4,Cash
4059,Belt,55,16-01-2023,1.4,Cash
4078,Sandals,77,28-07-2023,4.5,Cash
4034,Tank Top,,1/1/2023,2.1,Cash
4078,Blazer,98,5/1/2023,2.3,Credit Card
4093,Trench Coat,90,17-10-2022,1.5,Cash
4016,Polo Shirt,140,2/1/2023,2.3,Cash
4054,Wallet,,1/5/2023,3.8,Cash
4056,Pajamas,58,20-07-2023,4.1,Cash
4078,Slippers,191,10/7/2023,4.2,Credit Card
4024,Blazer,143,9/10/2022,2.6,Credit Card
3994,Camisole,147,19-11-2022,2.2,Cash
4092,Tie,199,15-02-2023,4.6,Cash
4068,Tunic,60,4/1/2023,1.2,Cash
3960,Camisole,27,14-09-2023,2,Credit Card
4030,Hoodie,94,23-04-2023,2.6,Credit Card
4071,Skirt,179,16-02-2023,2.6,Credit Card
4054,Handbag,194,12/6/2023,2.1,Credit Card
4037,Sunglasses,139,10/11/2022,2.4,Cash
4092,Jumpsuit,114,2/11/2022,2.2,Credit Card
3967,Raincoat,188,6/5/2023,3.3,Cash
3981,Pants,42,8/7/2023,1.8,Credit Card
4093,Sneakers,,14-10-2022,4.8,Cash
4120,Poncho,107,7/11/2022,2.3,Cash
4047,Scarf,54,20-05-2023,1.1,Credit Card
4067,Poncho,87,27-05-2023,4.2,Credit Card
4113,Vest,10,11/10/2022,,Credit Card
4026,Tank Top,63,20-01-2023,4.6,Cash
4042,Blazer,158,12/11/2022,3.2,Cash
4026,T-shirt,92,24-04-2023,3.1,Credit Card
4025,Coat,123,9/1/2023,1.8,Cash
3982,Kimono,140,18-05-2023,3.1,Credit Card
4022,T-shirt,198,22-10-2022,1.9,Cash
4106,Skirt,,26-03-2023,4.6,Cash
4057,Jacket,,17-09-2023,1.9,Cash
4075,Jumpsuit,172,7/10/2022,4.8,Credit Card
4018,Tank Top,33,18-10-2022,,Credit Card
4107,Tie,70,28-02-2023,,Cash
4006,Flannel Shirt,67,27-07-2023,1.4,Cash
4090,Tie,47,11/1/2023,2.9,Cash
4043,Backpack,,16-01-2023,2.2,Cash
4003,Cardigan,131,4/1/2023,4.1,Credit Card
4037,Camisole,28,1/5/2023,2.1,Cash
4097,Belt,171,24-05-2023,4.1,Cash
3959,Coat,193,3/1/2023,1.5,Credit Card
3959,Hat,136,8/2/2023,2.1,Credit Card
3974,Swimsuit,47,22-02-2023,,Credit Card
3960,Hat,11,12/4/2023,,Credit Card
4062,Romper,37,24-07-2023,4,Cash
3982,Blouse,66,24-01-2023,1.1,Cash
4091,Socks,,28-11-2022,3.4,Credit Card
3983,Kimono,142,15-05-2023,3.9,Credit Card
4071,Hat,152,22-12-2022,1.8,Credit Card
4046,Trench Coat,41,17-07-2023,2.2,Credit Card
4013,Shorts,128,21-02-2023,3,Cash
4029,Bowtie,153,17-05-2023,,Credit Card
4021,Sunglasses,123,11/5/2023,1.8,Cash
4006,Scarf,194,2/2/2023,3.6,Cash
3965,Hat,119,13-07-2023,2.2,Cash
3963,Socks,150,4/10/2022,,Credit Card
4115,Sweater,50,5/7/2023,3.2,Cash
3980,Poncho,131,23-01-2023,4.6,Credit Card
3971,Hat,73,17-07-2023,2,Credit Card
4109,Tunic,80,18-10-2022,,Credit Card
4012,Socks,143,23-04-2023,2.6,Cash
4110,Sandals,71,17-03-2023,3.2,Cash
4120,Tie,29,12/2/2023,1.9,Credit Card
3988,Bowtie,70,2/11/2022,2.6,Credit Card
3987,Handbag,91,21-12-2022,2.5,Cash
3979,Flip-Flops,30,30-03-2023,3.6,Cash
4111,Skirt,,13-08-2023,4.2,Credit Card
3990,Handbag,187,11/8/2023,1.4,Credit Card
4053,Coat,,10/7/2023,4.5,Credit Card
4122,Hoodie,116,17-03-2023,2,Cash
4101,Cardigan,148,26-11-2022,3.5,Credit Card
4004,Hoodie,25,24-09-2023,3.9,Credit Card
3985,Pajamas,117,7/8/2023,1.9,Cash
4004,Shorts,159,22-01-2023,2,Cash
4021,Sneakers,15,7/8/2023,2.4,Credit Card
4032,Jacket,157,25-01-2023,2.3,Credit Card
4076,Trousers,11,6/12/2022,2.6,Credit Card
3976,Jeans,86,26-05-2023,,Cash
4120,Slippers,117,25-09-2023,4,Credit Card
4073,Boots,198,21-12-2022,3.2,Cash
4027,Onesie,164,11/6/2023,3.6,Cash
4066,Kimono,134,2/1/2023,3.8,Credit Card
4039,Umbrella,121,5/7/2023,4.4,Cash
4022,Tunic,109,15-11-2022,1.3,Credit Card
3998,Skirt,183,22-12-2022,3.8,Credit Card
3975,T-shirt,195,22-07-2023,4,Cash
4027,Sweater,,1/12/2022,4,Credit Card
3972,Sneakers,42,18-04-2023,2.8,Credit Card
4054,Tunic,146,23-01-2023,1.2,Credit Card
4056,T-shirt,,29-03-2023,1.7,Cash
4042,Wallet,154,31-08-2023,2.9,Credit Card
3972,Slippers,31,26-10-2022,3.2,Credit Card
4023,Dress,44,3/3/2023,2.2,Cash
4024,Skirt,56,17-07-2023,2.2,Credit Card
4002,Scarf,,9/5/2023,3.7,Credit Card
4069,Flannel Shirt,64,1/11/2022,3.5,Cash
3974,T-shirt,96,5/12/2022,3.6,Credit Card
4082,Pajamas,107,10/5/2023,3.1,Cash
4008,Loafers,117,4/5/2023,3.5,Credit Card
4113,Flannel Shirt,30,21-05-2023,3.1,Credit Card
4057,Tunic,148,22-04-2023,2.9,Cash
4002,Sneakers,,28-08-2023,4.7,Credit Card
4122,Kimono,67,20-03-2023,4.4,Cash
4082,Onesie,176,28-12-2022,3.1,Credit Card
3984,Tunic,,22-05-2023,1,Credit Card
3993,Trousers,,26-12-2022,1.6,Credit Card
4095,Loafers,15,12/7/2023,,Credit Card
4067,Belt,71,27-08-2023,2.2,Credit Card
4012,Trousers,,6/3/2023,3.8,Cash
4114,Swimsuit,154,2/4/2023,2.3,Credit Card
4121,Umbrella,129,15-01-2023,,Cash
3984,Trousers,104,30-07-2023,1.6,Cash
4070,Leggings,,9/6/2023,3.2,Credit Card
4023,Boots,193,14-02-2023,3.5,Credit Card
3983,Swimsuit,,17-08-2023,2.1,Cash
3965,Wallet,89,18-08-2023,4.5,Cash
3975,Vest,,29-07-2023,2.2,Credit Card
3975,Pajamas,,11/4/2023,2.6,Cash
4103,Flip-Flops,183,13-10-2022,3.2,Cash
4021,Sweater,106,21-05-2023,1.3,Cash
4071,Raincoat,193,2/10/2022,3.9,Credit Card
3961,Trousers,,17-06-2023,2.1,Credit Card
4084,Skirt,170,8/7/2023,4.2,Cash
3995,T-shirt,188,12/5/2023,4.1,Cash
4120,Overalls,185,5/3/2023,4.1,Credit Card
3957,Tank Top,40,3/10/2022,2.1,Cash
3966,Vest,154,4/5/2023,4.5,Cash
4056,Camisole,98,12/6/2023,2.9,Credit Card
4025,Blouse,179,6/4/2023,4.1,Cash
3995,Jeans,139,1/5/2023,1.4,Cash
4041,Loafers,13,13-10-2022,1.6,Cash
4057,Shorts,135,27-12-2022,4.5,Credit Card
4104,Flannel Shirt,,24-10-2022,4.6,Cash
3957,Sneakers,172,8/7/2023,,Credit Card
4088,Tank Top,127,7/10/2022,2.8,Credit Card
4082,Tunic,121,7/9/2023,2.3,Cash
4079,Boots,,23-11-2022,1.5,Credit Card
4068,Swimsuit,176,18-07-2023,2.5,Cash
4060,Bowtie,147,28-12-2022,2.9,Credit Card
3974,Flip-Flops,129,2/8/2023,3.1,Credit Card
4095,Umbrella,197,25-10-2022,4.5,Credit Card
4014,Wallet,92,25-12-2022,4.8,Credit Card
3957,Onesie,32,5/1/2023,4.3,Cash
4055,Trench Coat,125,10/11/2022,4.4,Cash
4080,Tie,128,10/4/2023,3,Credit Card
3988,Wallet,181,4/3/2023,3.7,Credit Card
4102,Socks,17,31-01-2023,2.7,Cash
4094,T-shirt,93,15-08-2023,1.1,Cash
4048,Handbag,,18-10-2022,2.9,Credit Card
4042,Leggings,76,22-02-2023,3.9,Credit Card
4034,Jeans,162,11/2/2023,3.2,Credit Card
4059,Handbag,80,6/7/2023,4.8,Cash
3971,Swimsuit,142,22-07-2023,1.7,Cash
4118,Dress,31,19-10-2022,1,Credit Card
4122,Poncho,114,28-07-2023,3.1,Cash
3980,Leggings,71,25-01-2023,,Cash
4050,Umbrella,175,29-12-2022,1.4,Cash
4093,Bowtie,124,21-12-2022,2,Credit Card
4044,Gloves,33,29-03-2023,3.4,Cash
3977,Loafers,113,8/1/2023,,Credit Card
4074,Kimono,88,5/2/2023,2.9,Cash
4031,Vest,104,15-01-2023,,Credit Card
4122,Poncho,145,29-12-2022,2,Cash
4008,Flip-Flops,200,5/10/2022,4.9,Cash
4002,Hoodie,100,26-12-2022,4.5,Cash
4098,Raincoat,79,4/2/2023,5,Credit Card
3967,Belt,69,3/4/2023,3,Cash
4055,Onesie,,5/11/2022,4.5,Cash
4005,Wallet,,22-10-2022,4.2,Credit Card
4033,Tank Top,,19-12-2022,,Credit Card
4056,Skirt,186,11/4/2023,,Cash
3984,Camisole,,31-08-2023,1.6,Cash
4118,Pajamas,133,20-03-2023,4.5,Credit Card
4048,Cardigan,160,27-03-2023,2.7,Cash
4081,Loafers,144,1/11/2022,1.2,Credit Card
3978,Socks,35,29-11-2022,1.2,Cash
4118,Romper,85,14-08-2023,,Credit Card
4069,Pants,55,25-01-2023,4.9,Cash
4005,Flannel Shirt,191,23-03-2023,3.5,Cash
3992,Sunglasses,80,24-02-2023,,Cash
3966,Romper,,19-03-2023,4.4,Credit Card
4006,Trench Coat,,16-09-2023,3.8,Credit Card
3963,Dress,42,19-10-2022,3.3,Cash
4108,Blouse,135,25-01-2023,3.1,Cash
4018,Kimono,,27-04-2023,2.6,Credit Card
4082,Hoodie,,26-07-2023,3.7,Cash
4056,Blazer,132,17-06-2023,,Cash
3973,Umbrella,57,12/7/2023,3,Cash
4095,Sun Hat,74,15-07-2023,1.3,Credit Card
4121,Overalls,132,24-02-2023,2.1,Cash
4035,Coat,,22-09-2023,3,Cash
4084,Bowtie,,16-01-2023,4,Cash
4093,Shorts,157,17-08-2023,1,Cash
4072,Onesie,23,9/1/2023,2.4,Cash
3961,Wallet,,4/2/2023,3.3,Credit Card
3966,Polo Shirt,87,8/1/2023,3.3,Cash
4043,Boots,,24-12-2022,1.5,Cash
3971,Boots,152,1/3/2023,,Credit Card
4043,Scarf,165,5/2/2023,1.7,Credit Card
3967,Coat,168,21-04-2023,4.9,Credit Card
4060,Tunic,143,24-12-2022,4.2,Credit Card
3987,Wallet,123,1/8/2023,2.5,Credit Card
4011,Tank Top,160,8/5/2023,,Cash
4090,Hoodie,88,8/12/2022,2,Cash
4074,Skirt,25,5/10/2022,3.6,Credit Card
4094,Belt,199,4/7/2023,1.8,Credit Card
3995,Romper,,15-10-2022,1.5,Cash
4105,Jeans,170,28-03-2023,,Cash
4016,Coat,179,17-07-2023,1.7,Credit Card
3975,Leggings,,4/7/2023,2.3,Credit Card
3966,Pajamas,151,28-08-2023,1.8,Credit Card
3993,Jumpsuit,,28-01-2023,1.7,Credit Card
4082,Sneakers,,3/12/2022,3.8,Credit Card
3961,Gloves,162,5/12/2022,3,Credit Card
4077,Camisole,18,16-02-2023,2.4,Cash
4115,Sandals,190,17-02-2023,2.8,Cash
3968,Wallet,126,17-11-2022,4.3,Credit Card
4019,Onesie,,23-12-2022,,Credit Card
3990,Wallet,77,25-07-2023,2.5,Credit Card
3960,Shorts,170,31-10-2022,1.8,Cash
4001,Wallet,60,17-05-2023,2.4,Cash
4118,Blouse,149,21-03-2023,4.2,Cash
3969,Polo Shirt,48,4/8/2023,3.8,Cash
4035,Handbag,46,21-04-2023,4.3,Credit Card
3981,Camisole,,11/3/2023,1.4,Credit Card
4073,Kimono,,11/8/2023,2,Credit Card
4113,Hoodie,155,5/8/2023,1.1,Credit Card
4000,Tank Top,122,12/8/2023,3.6,Cash
4108,Trousers,,9/12/2022,1.6,Cash
3973,Gloves,189,30-10-2022,2.5,Credit Card
3984,Sunglasses,79,1/12/2022,3.4,Cash
3986,Jumpsuit,136,14-12-2022,,Cash
4084,Loafers,163,3/2/2023,3.5,Credit Card
4109,Jacket,,13-06-2023,1,Credit Card
4114,Backpack,92,25-04-2023,2.3,Credit Card
4013,Trousers,16,11/1/2023,1.4,Credit Card
3973,Pajamas,,9/11/2022,2.2,Credit Card
4008,Romper,157,5/6/2023,1.7,Credit Card
4066,Poncho,15,25-05-2023,,Cash
4043,Poncho,182,9/3/2023,2.8,Cash
4059,Camisole,157,30-07-2023,2.7,Cash
4040,Pajamas,,10/4/2023,4.3,Credit Card
3987,Backpack,130,21-02-2023,2.5,Credit Card
4104,Backpack,123,22-12-2022,3.7,Credit Card
4096,Sun Hat,56,4/11/2022,4.9,Cash
3992,Belt,121,9/10/2022,4.1,Credit Card
4039,Gloves,135,16-04-2023,3,Credit Card
4011,Gloves,130,3/1/2023,4.1,Cash
3968,Sandals,95,2/8/2023,2.6,Credit Card
4108,Shorts,36,16-02-2023,,Cash
4001,Cardigan,94,26-08-2023,4.7,Credit Card
4042,Hoodie,136,18-11-2022,4.9,Credit Card
3973,Shorts,112,18-07-2023,1.8,Cash
3987,Hoodie,150,14-01-2023,4,Cash
4027,Trousers,,19-05-2023,2.3,Cash
3993,Poncho,,26-03-2023,4.9,Cash
4063,Slippers,39,16-08-2023,4.1,Credit Card
4000,Socks,113,21-11-2022,2.8,Cash
4051,Poncho,10,29-07-2023,1,Cash
4098,Shorts,148,8/12/2022,4.5,Credit Card
3999,Sunglasses,23,2/1/2023,1.3,Cash
4069,Swimsuit,,22-04-2023,1.8,Credit Card
4019,Blouse,137,18-05-2023,,Cash
4105,Leggings,23,9/11/2022,3.7,Credit Card
3967,Pajamas,150,26-09-2023,2.5,Credit Card
3991,Sunglasses,,27-01-2023,2.4,Cash
3982,Poncho,188,22-11-2022,3.7,Credit Card
4118,T-shirt,17,5/6/2023,4.7,Cash
4113,Blazer,165,10/4/2023,4.3,Cash
4053,Sweater,191,28-01-2023,4.1,Credit Card
3997,Slippers,,25-04-2023,,Credit Card
3961,Polo Shirt,151,6/12/2022,4.1,Credit Card
4081,Socks,67,6/5/2023,4.1,Credit Card
3977,Pajamas,39,19-02-2023,4.3,Credit Card
3958,Belt,40,1/6/2023,2.7,Cash
3958,Leggings,49,14-03-2023,1.3,Cash
4002,Jumpsuit,193,18-12-2022,4,Credit Card
3979,Swimsuit,190,8/9/2023,1.9,Cash
4108,Umbrella,133,19-06-2023,4.1,Credit Card
4029,Blouse,72,20-08-2023,2.4,Credit Card
4063,Flannel Shirt,47,24-04-2023,3.4,Credit Card
4078,Wallet,163,7/2/2023,4.7,Credit Card
3989,Loafers,44,16-04-2023,1.6,Cash
4009,Slippers,80,23-11-2022,1.8,Cash
3993,Gloves,116,13-12-2022,2.4,Credit Card
4120,Skirt,139,26-09-2023,2.7,Credit Card
4026,Vest,10,15-10-2022,2.5,Credit Card
4090,T-shirt,86,15-08-2023,1.1,Cash
4072,Polo Shirt,158,7/5/2023,2.7,Credit Card
4062,Overalls,135,2/12/2022,3.7,Cash
4018,Leggings,124,19-05-2023,2.9,Credit Card
4001,Pants,98,27-01-2023,,Credit Card
4113,Cardigan,149,15-10-2022,1.4,Cash
3966,Gloves,92,4/10/2022,4.2,Credit Card
4109,Kimono,188,21-07-2023,,Credit Card
4003,Umbrella,108,1/8/2023,3.3,Cash
4084,Overalls,115,22-12-2022,2.8,Credit Card
4113,Pants,,4/9/2023,4.8,Cash
3979,Loafers,190,1/7/2023,4.1,Cash
4117,Cardigan,107,16-02-2023,2,Credit Card
4034,Pants,179,12/3/2023,3.4,Cash
4046,Poncho,176,11/12/2022,2.8,Cash
4064,Wallet,136,17-02-2023,2.9,Credit Card
3958,Tank Top,42,2/11/2022,3.1,Credit Card
4099,Dress,161,7/1/2023,4.1,Cash
4017,Loafers,35,26-12-2022,3.1,Cash
4006,Leggings,122,28-09-2023,3.7,Credit Card
3987,Blazer,,25-11-2022,2.3,Credit Card
4092,Trench Coat,13,3/11/2022,3.4,Credit Card
3981,Tank Top,114,1/4/2023,4.3,Cash
4115,Shorts,49,20-09-2023,2.8,Cash
4049,Sneakers,,27-01-2023,,Credit Card
4095,Romper,77,20-03-2023,1.5,Credit Card
4086,Sunglasses,187,1/4/2023,2.5,Cash
4013,Onesie,30,7/10/2022,3.7,Cash
4075,Handbag,182,13-03-2023,2.3,Credit Card
4117,Scarf,107,19-11-2022,4.3,Credit Card
4010,Kimono,170,17-02-2023,1.7,Cash
4027,Cardigan,134,17-01-2023,1.1,Cash
3970,Romper,19,12/12/2022,3.5,Cash
4006,Pajamas,70,22-11-2022,2.4,Cash
3985,Sweater,83,26-07-2023,,Credit Card
3995,Trousers,33,25-08-2023,2,Credit Card
4078,Pants,35,24-11-2022,,Cash
4084,Romper,190,4/3/2023,,Cash
4002,Scarf,123,31-01-2023,3.5,Credit Card
3997,Camisole,,8/9/2023,2.1,Credit Card
3968,Gloves,17,27-10-2022,3.8,Credit Card
3970,Tank Top,,23-06-2023,4.3,Cash
4122,Poncho,85,16-05-2023,3.9,Cash
4050,Sweater,120,7/6/2023,2.8,Cash
4029,Jumpsuit,,31-07-2023,,Credit Card
4010,Hat,154,26-05-2023,1.6,Credit Card
4068,Kimono,56,24-08-2023,3.6,Credit Card
4021,Camisole,,12/12/2022,2.5,Cash
4042,Vest,,12/2/2023,1.3,Cash
4114,Blazer,168,28-05-2023,4,Cash
4073,Wallet,137,7/8/2023,1.1,Cash
3968,Coat,46,5/12/2022,2,Credit Card
3983,Jeans,173,11/4/2023,4.5,Cash
3970,Sun Hat,75,21-09-2023,2.7,Cash
4094,Vest,129,7/2/2023,1.8,Credit Card
4002,Trousers,183,8/12/2022,2.2,Credit Card
3997,Belt,28,19-12-2022,4.4,Credit Card
3964,Umbrella,98,18-11-2022,4.2,Cash
4081,Onesie,86,15-06-2023,2.9,Credit Card
4088,Raincoat,118,8/7/2023,2.7,Credit Card
3986,Tunic,126,30-01-2023,4.1,Cash
3975,Vest,60,29-09-2023,3.7,Credit Card
4017,Vest,133,9/2/2023,4.6,Cash
4070,Jacket,,19-08-2023,2.1,Cash
4108,Flannel Shirt,101,12/9/2023,1.1,Cash
4105,Camisole,189,15-03-2023,1.5,Credit Card
4040,Cardigan,178,25-09-2023,3.4,Cash
4064,Cardigan,12,5/7/2023,2.3,Credit Card
4007,Tank Top,185,27-11-2022,1.1,Cash
4040,Socks,22,31-07-2023,1.3,Credit Card
4015,Tank Top,200,2/1/2023,3.8,Cash
3985,Sun Hat,83,5/10/2022,3.4,Cash
4040,Vest,68,5/3/2023,2.3,Credit Card
4015,Skirt,100,6/7/2023,4.7,Credit Card
3982,Blouse,58,6/6/2023,,Credit Card
4017,Leggings,183,11/6/2023,2.4,Credit Card
4062,Tunic,178,23-10-2022,2.8,Credit Card
4008,Slippers,45,10/5/2023,1.8,Credit Card
4053,Sweater,170,11/6/2023,3.7,Cash
4013,Romper,89,22-08-2023,1.1,Cash
3975,Blazer,18,15-04-2023,4.9,Credit Card
4077,Overalls,197,23-07-2023,3.2,Credit Card
4106,Backpack,,11/1/2023,1.8,Credit Card
4081,Coat,93,16-01-2023,2.5,Credit Card
3970,Sunglasses,54,30-01-2023,2.3,Credit Card
4068,Blouse,148,28-12-2022,1.1,Cash
3994,Bowtie,103,30-07-2023,1.7,Credit Card
4012,Tank Top,79,30-07-2023,2.7,Cash
4113,Onesie,75,14-07-2023,1.1,Credit Card
4073,Cardigan,133,10/5/2023,3.2,Credit Card
4002,Pants,85,1/4/2023,1.9,Cash
4056,Scarf,96,19-11-2022,1.5,Cash
4052,Scarf,129,3/4/2023,4.4,Credit Card
3991,Poncho,46,14-08-2023,,Credit Card
4074,Socks,67,31-10-2022,5,Credit Card
4006,Poncho,195,25-12-2022,1.7,Credit Card
4118,Backpack,111,25-03-2023,4.1,Credit Card
4048,T-shirt,152,29-05-2023,2.6,Cash
4026,Swimsuit,111,6/7/2023,4,Cash
4008,Camisole,,7/9/2023,3.4,Cash
4042,Sunglasses,126,27-02-2023,2.5,Credit Card
3989,Skirt,182,11/5/2023,4.5,Credit Card
3965,Umbrella,107,19-02-2023,4,Credit Card
4102,Pants,105,31-10-2022,3.1,Cash
3972,Pajamas,,25-06-2023,4.4,Cash
4028,Belt,16,21-03-2023,2.9,Cash
3991,Umbrella,153,23-08-2023,2.8,Cash
3985,Coat,166,16-06-2023,1.7,Cash
4076,Sweater,26,3/4/2023,3.1,Cash
4074,Skirt,128,28-06-2023,2.9,Credit Card
4064,Raincoat,87,30-06-2023,4.6,Credit Card
4000,Onesie,39,8/1/2023,3.6,Credit Card
4044,Hat,,6/7/2023,2.6,Cash
4013,Sweater,87,28-12-2022,3.5,Cash
4032,Shorts,39,15-03-2023,3.5,Credit Card
4111,Trench Coat,,25-09-2023,3.4,Cash
3997,Backpack,44,13-05-2023,4.8,Credit Card
4120,Trousers,104,30-09-2023,2,Credit Card
4113,Slippers,200,3/6/2023,2.9,Credit Card
4000,Belt,148,10/12/2022,,Cash
4104,Pants,200,27-04-2023,4,Credit Card
4098,Handbag,116,29-12-2022,3.6,Credit Card
4015,Camisole,135,11/10/2022,4.5,Credit Card
3979,Vest,81,19-06-2023,1.6,Cash
4062,Boots,,15-02-2023,4.5,Cash
4090,Dress,123,23-04-2023,4.7,Cash
4082,Shorts,70,5/6/2023,2.3,Credit Card
4012,Boots,35,5/12/2022,4.6,Credit Card
4108,Vest,104,4/9/2023,2.8,Cash
4078,Kimono,175,28-07-2023,3.4,Cash
4075,Blazer,111,27-12-2022,4.2,Cash
4028,Tank Top,41,5/4/2023,3,Credit Card
3960,Loafers,126,7/3/2023,3.4,Credit Card
4066,Hat,,20-01-2023,4.7,Credit Card
4020,Backpack,173,24-08-2023,2.8,Cash
4020,Poncho,15,14-03-2023,1,Credit Card
4040,Pajamas,,11/4/2023,,Credit Card
4068,Jumpsuit,42,12/11/2022,4.5,Cash
4105,Tank Top,62,28-07-2023,4.4,Credit Card
4013,Wallet,,20-04-2023,,Credit Card
4108,Wallet,63,27-12-2022,2,Credit Card
3995,Hoodie,69,13-07-2023,1.5,Credit Card
4103,Jumpsuit,47,22-12-2022,3.6,Credit Card
3958,Overalls,162,29-12-2022,1.1,Cash
4063,Backpack,,3/1/2023,3.9,Credit Card
3968,Pajamas,47,30-03-2023,2.6,Credit Card
3967,Sneakers,148,6/10/2022,4.1,Credit Card
4077,Handbag,54,25-11-2022,3.9,Credit Card
4086,Backpack,,2/7/2023,3.6,Cash
3965,Bowtie,43,3/1/2023,1.5,Credit Card
4065,Swimsuit,,31-03-2023,2,Cash
4092,T-shirt,70,6/9/2023,4,Credit Card
4057,Shorts,14,23-08-2023,1.7,Cash
4079,Shorts,,27-04-2023,2.4,Credit Card
3982,Hoodie,,27-12-2022,4.2,Cash
4072,Shorts,144,4/3/2023,1.4,Credit Card
4083,Kimono,,18-05-2023,1.3,Credit Card
4018,Backpack,,29-12-2022,3,Cash
3978,Wallet,102,11/7/2023,2,Credit Card
4099,Trench Coat,37,30-04-2023,2.8,Cash
3960,Gloves,66,6/1/2023,3.8,Cash
4061,Jeans,21,30-07-2023,3.4,Credit Card
4012,Slippers,178,7/2/2023,1.6,Cash
3990,Sunglasses,127,2/1/2023,1.9,Cash
4048,Sunglasses,17,28-08-2023,2.5,Cash
4032,Onesie,,8/10/2022,4.8,Credit Card
4018,Sneakers,112,17-11-2022,3.5,Credit Card
4122,Tank Top,37,27-12-2022,2.8,Cash
3980,Poncho,123,24-12-2022,4,Credit Card
3961,Skirt,,4/2/2023,1.6,Credit Card
4079,Slippers,,19-02-2023,2.5,Cash
4035,Hat,26,15-11-2022,1.1,Credit Card
3998,Pajamas,,26-02-2023,2.2,Cash
4074,Onesie,159,20-07-2023,2,Credit Card
4103,Backpack,93,22-07-2023,4,Credit Card
4106,Tank Top,162,30-12-2022,2.6,Cash
3963,Belt,126,2/8/2023,1.7,Credit Card
4073,Blazer,120,7/10/2022,1.6,Cash
4075,Sunglasses,,8/10/2022,2.3,Credit Card
3992,Blouse,177,8/8/2023,4.5,Cash
4060,Skirt,151,26-09-2023,1.7,Cash
4004,Leggings,65,2/9/2023,1.7,Cash
4051,Jacket,68,3/5/2023,1.1,Credit Card
4117,Romper,126,21-04-2023,2.4,Credit Card
4075,Polo Shirt,196,28-12-2022,1.9,Credit Card
4119,Hat,,22-09-2023,4.1,Credit Card
3957,Vest,180,17-05-2023,3.6,Cash
4117,Tank Top,49,22-10-2022,2.8,Credit Card
3975,Jeans,131,9/12/2022,4.6,Credit Card
4055,Vest,,29-04-2023,4.4,Credit Card
4042,Sun Hat,33,24-04-2023,3.1,Credit Card
4092,Polo Shirt,200,2/10/2022,1.8,Credit Card
3965,Flannel Shirt,43,13-02-2023,2.6,Cash
4032,Kimono,160,26-03-2023,,Credit Card
4066,Jacket,153,28-10-2022,1.3,Credit Card
4026,Flannel Shirt,41,26-07-2023,3.1,Credit Card
4113,Slippers,180,4/4/2023,4.5,Credit Card
4095,Polo Shirt,118,10/5/2023,1.2,Credit Card
4104,Romper,194,9/1/2023,2,Cash
4010,Backpack,,4/1/2023,4,Credit Card
3977,Shorts,89,5/11/2022,3.6,Cash
4115,Tunic,157,3/6/2023,3.8,Cash
4042,Tunic,49,24-02-2023,1.2,Cash
3971,Scarf,67,29-08-2023,3.2,Cash
4088,Wallet,99,22-10-2022,,Credit Card
4050,Shorts,104,11/10/2022,4.3,Credit Card
3970,Hat,,28-01-2023,,Credit Card
3985,Loafers,67,12/8/2023,3.1,Credit Card
4055,Tank Top,153,9/11/2022,,Cash
4050,Hat,169,27-10-2022,3.3,Cash
4076,T-shirt,174,14-11-2022,2.9,Credit Card
4115,Sun Hat,165,23-07-2023,4.1,Credit Card
3967,Bowtie,187,22-01-2023,3.5,Credit Card
4050,Leggings,56,4/2/2023,1.5,Credit Card
4050,Shorts,89,9/4/2023,,Credit Card
4001,Dress,99,12/1/2023,3.2,Credit Card
4122,Blouse,,4/7/2023,2.9,Credit Card
4100,Sunglasses,154,15-08-2023,3.3,Credit Card
3974,Scarf,27,31-12-2022,1.4,Cash
4100,Backpack,,9/12/2022,4.1,Credit Card
4009,Coat,17,23-12-2022,4.2,Credit Card
3992,Hoodie,,3/3/2023,2.8,Credit Card
4042,Sun Hat,106,27-05-2023,,Credit Card
4018,Sandals,97,18-11-2022,3.4,Cash
4095,Tunic,,15-11-2022,1.7,Cash
3986,Dress,93,1/8/2023,3.1,Cash
4079,Hoodie,155,23-01-2023,2.2,Credit Card
4105,Shorts,23,15-04-2023,2,Credit Card
4010,Trench Coat,,4/10/2022,3.2,Credit Card
4014,Blazer,22,22-09-2023,2.8,Cash
4039,Swimsuit,79,25-10-2022,4.8,Credit Card
4047,Polo Shirt,118,4/5/2023,2.3,Credit Card
4025,Coat,123,12/10/2022,2.9,Credit Card
4085,Belt,65,29-06-2023,1.3,Credit Card
4065,Wallet,39,14-12-2022,2.2,Cash
4027,T-shirt,38,26-05-2023,2.8,Cash
3970,Boots,183,7/6/2023,3.2,Credit Card
3973,Blazer,144,4/9/2023,4.1,Cash
4052,Dress,21,21-10-2022,1.9,Cash
4045,Flannel Shirt,163,15-03-2023,2.3,Cash
4072,Cardigan,,24-04-2023,1.4,Credit Card
4081,Wallet,64,22-02-2023,3.4,Credit Card
4085,Polo Shirt,75,24-04-2023,1.6,Credit Card
4091,Bowtie,40,27-11-2022,4.1,Cash
3988,Blouse,,17-09-2023,4.4,Credit Card
4077,Sunglasses,54,4/5/2023,1.6,Cash
4093,Kimono,,30-10-2022,4.9,Cash
4093,Tank Top,68,1/6/2023,4.2,Cash
4031,Leggings,181,13-05-2023,2.1,Cash
4072,Flannel Shirt,28,7/12/2022,2.9,Cash
4115,Raincoat,199,20-04-2023,2.2,Credit Card
4051,Loafers,,23-02-2023,2.3,Credit Card
3973,Polo Shirt,,21-01-2023,4,Credit Card
4005,Trench Coat,90,29-09-2023,2.7,Credit Card
4074,Scarf,156,28-06-2023,2.7,Credit Card
3979,Tank Top,173,1/4/2023,2.6,Credit Card
3977,Skirt,39,7/10/2022,2.4,Credit Card
4057,Wallet,93,9/10/2022,4.9,Cash
4002,Dress,,22-07-2023,1.1,Credit Card
4030,Boots,127,17-03-2023,1.8,Cash
3976,Dress,102,26-01-2023,2.2,Cash
3984,Socks,,27-05-2023,2.3,Cash
3999,Pants,72,29-12-2022,2.3,Credit Card
4027,Blazer,112,12/1/2023,1.8,Credit Card
3985,Scarf,111,17-02-2023,3,Credit Card
3994,Blouse,200,6/5/2023,1.4,Credit Card
4084,Loafers,95,17-11-2022,2.3,Credit Card
3995,Sun Hat,29,17-05-2023,3.9,Cash
4009,Scarf,39,7/5/2023,4.9,Credit Card
4090,Slippers,59,4/9/2023,,Cash
4117,Raincoat,99,16-12-2022,3.8,Credit Card
3962,Sneakers,175,24-01-2023,2.9,Cash
4032,Blouse,70,11/9/2023,3.4,Cash
4063,Camisole,,27-11-2022,1.4,Credit Card
4095,Flip-Flops,54,15-01-2023,2.1,Credit Card
3990,Belt,177,11/1/2023,4.7,Credit Card
4078,Jacket,,30-04-2023,1.5,Credit Card
4045,Sun Hat,170,29-11-2022,2.3,Credit Card
4064,Sandals,154,8/10/2022,2.7,Cash
4070,Sandals,124,27-08-2023,1.6,Cash
4122,Pajamas,154,14-08-2023,1.8,Credit Card
3962,Backpack,169,11/2/2023,,Credit Card
4031,Coat,170,23-02-2023,3.3,Cash
4005,Vest,122,1/10/2023,2,Cash
3973,Overalls,,18-11-2022,2.2,Cash
3962,Hoodie,87,12/5/2023,,Cash
4016,Sandals,161,4/3/2023,1.3,Cash
4090,Umbrella,,11/12/2022,3.8,Cash
4122,Belt,89,12/1/2023,4.4,Credit Card
4042,Tank Top,19,21-11-2022,2.8,Cash
4062,Pants,,19-04-2023,1.7,Credit Card
4105,Polo Shirt,29,29-03-2023,2.8,Cash
4044,Scarf,33,20-02-2023,3.7,Credit Card
4122,Jacket,139,26-02-2023,2,Credit Card
4040,Handbag,158,30-11-2022,1.1,Cash
4081,Camisole,199,10/1/2023,2.6,Cash
4108,Sneakers,125,25-05-2023,2.9,Cash
4092,Handbag,156,1/1/2023,,Credit Card
4097,Tank Top,92,27-05-2023,4.7,Cash
4070,Backpack,138,30-05-2023,1.1,Cash
4074,Socks,,4/9/2023,1.1,Cash
4034,Romper,,18-04-2023,4.2,Cash
4102,Swimsuit,,26-06-2023,3,Credit Card
3990,Sunglasses,97,5/4/2023,3.5,Cash
4035,Wallet,31,3/6/2023,3.3,Cash
4000,Backpack,54,5/5/2023,4.1,Cash
4023,Trench Coat,,18-10-2022,4.2,Credit Card
4015,Loafers,122,6/5/2023,1.4,Cash
4080,Coat,166,21-09-2023,3.4,Credit Card
4052,Tie,,16-01-2023,4,Credit Card
4030,Pants,82,7/2/2023,2.7,Cash
3969,Leggings,96,7/8/2023,2.8,Cash
3994,Belt,23,28-02-2023,4,Credit Card
4047,Pajamas,175,2/1/2023,1.3,Cash
4029,Jeans,94,17-08-2023,2.4,Cash
4073,Loafers,,25-10-2022,3.8,Credit Card
3999,Boots,82,21-02-2023,2.7,Cash
4115,Jacket,178,9/5/2023,,Credit Card
3998,Sneakers,164,6/11/2022,1,Credit Card
4094,Shorts,95,1/6/2023,1.1,Credit Card
4030,Polo Shirt,,18-03-2023,2.7,Cash
4003,Shorts,99,25-03-2023,1.9,Credit Card
4001,Umbrella,177,22-11-2022,2.3,Cash
3996,Sun Hat,110,20-06-2023,3.7,Credit Card
3998,Tie,,10/7/2023,3.3,Credit Card
4017,Jacket,31,15-05-2023,4.5,Cash
3986,Trousers,106,12/10/2022,1.6,Credit Card
3967,Handbag,94,15-11-2022,1.8,Cash
4038,Hoodie,181,12/6/2023,1.1,Credit Card
4104,Swimsuit,199,15-08-2023,4.4,Cash
3989,Trousers,144,13-08-2023,3.2,Credit Card
4069,Jumpsuit,,18-07-2023,2.3,Cash
4023,Sneakers,140,6/1/2023,1.9,Cash
4051,Pants,102,29-12-2022,2.2,Cash
4004,Gloves,64,4/3/2023,2.1,Credit Card
4009,Sneakers,134,24-09-2023,1.9,Credit Card
4100,T-shirt,,3/1/2023,1.5,Credit Card
3965,Skirt,49,23-10-2022,2.8,Cash
4038,Pajamas,,27-12-2022,2.5,Credit Card
4045,Gloves,35,25-02-2023,4,Cash
3994,Pajamas,148,15-07-2023,2.5,Credit Card
4052,Skirt,144,22-01-2023,2.6,Credit Card
4071,Shorts,,17-05-2023,2.5,Cash
4095,Hat,168,8/3/2023,1.4,Credit Card
3998,Flannel Shirt,,15-02-2023,4.7,Cash
4093,Camisole,51,15-02-2023,1.5,Cash
4034,Blazer,,10/11/2022,1.5,Credit Card
3988,Slippers,169,13-06-2023,3.4,Credit Card
3963,Kimono,52,27-12-2022,2.3,Cash
4060,Skirt,21,22-01-2023,4.9,Credit Card
4084,Flannel Shirt,183,16-02-2023,2.4,Credit Card
3994,Raincoat,123,27-03-2023,1.4,Cash
4074,Tank Top,124,9/5/2023,1,Cash
4038,Sunglasses,71,22-03-2023,2.6,Credit Card
3996,Cardigan,130,10/1/2023,2.4,Cash
3958,Sun Hat,59,15-06-2023,4.3,Credit Card
4096,Sneakers,156,19-04-2023,4.4,Cash
4086,Loafers,128,22-07-2023,5,Credit Card
4041,Skirt,107,9/2/2023,,Credit Card
4122,Sweater,117,19-05-2023,2.6,Credit Card
4032,Coat,61,20-07-2023,4.8,Cash
4078,Leggings,45,7/10/2022,3.6,Credit Card
4031,Tunic,23,25-12-2022,1.6,Credit Card
4103,Pajamas,105,3/4/2023,3.3,Credit Card
3994,Hat,36,1/3/2023,1.6,Credit Card
4101,Raincoat,142,3/7/2023,4,Credit Card
4070,Poncho,82,9/4/2023,,Cash
4043,Umbrella,,25-01-2023,4.5,Cash
3985,Polo Shirt,,13-04-2023,2.5,Cash
4079,Sun Hat,141,11/12/2022,1.6,Credit Card
3967,Loafers,,4/5/2023,4.7,Cash
3992,Vest,66,15-07-2023,4,Cash
4098,Onesie,99,19-07-2023,1.7,Cash
3986,Slippers,116,23-10-2022,1.4,Cash
4035,Blouse,,22-02-2023,3,Cash
3963,Sandals,70,19-09-2023,3.5,Cash
4059,T-shirt,30,29-05-2023,2.1,Cash
4115,Umbrella,17,29-12-2022,4.1,Cash
4013,Trench Coat,35,11/1/2023,4.6,Cash
4071,Romper,176,23-06-2023,,Cash
4048,Pants,47,12/5/2023,4.7,Cash
3980,Wallet,,28-09-2023,,Cash
4040,Blouse,130,15-02-2023,3.4,Credit Card
3971,Pants,45,3/11/2022,1.6,Cash
4112,Pajamas,130,1/9/2023,,Credit Card
4121,Sunglasses,11,8/10/2022,1.4,Cash
4006,Poncho,14,3/10/2022,1.4,Cash
4106,Sneakers,48,2/8/2023,4.9,Cash
4091,Sweater,196,24-03-2023,3.1,Cash
4013,Camisole,118,26-01-2023,3.4,Cash
4028,Handbag,,15-06-2023,2.2,Cash
4007,Swimsuit,87,23-03-2023,4.6,Cash
3962,Romper,,18-08-2023,3.6,Credit Card
3978,Jumpsuit,173,11/3/2023,3.5,Cash
4094,Boots,127,5/6/2023,2.9,Credit Card
4071,Umbrella,,16-02-2023,4.4,Cash
3979,Loafers,137,30-12-2022,1.9,Credit Card
4088,Tie,14,17-11-2022,4.8,Credit Card
4057,Romper,157,20-04-2023,1.3,Credit Card
4006,Overalls,46,21-02-2023,,Cash
4082,Hat,10,30-01-2023,4.5,Cash
4038,Bowtie,71,15-03-2023,1.9,Cash
4111,Raincoat,57,31-07-2023,3.6,Credit Card
4111,Overalls,31,6/8/2023,4.9,Credit Card
4087,Trench Coat,102,10/10/2022,3.1,Cash
3971,Cardigan,,18-10-2022,4.5,Cash
4049,Sneakers,139,26-07-2023,1.5,Credit Card
4058,Belt,139,22-01-2023,3.6,Cash
3994,Flannel Shirt,109,3/6/2023,4.7,Credit Card
4066,Romper,21,2/7/2023,,Cash
4051,Gloves,105,10/11/2022,2.5,Credit Card
4055,Blazer,14,13-02-2023,,Cash
4052,Handbag,27,11/9/2023,1.7,Cash
3960,Hoodie,197,8/5/2023,1.1,Cash
4029,Blazer,36,27-10-2022,1.6,Cash
4045,Tie,198,7/3/2023,3.3,Cash
4046,Jumpsuit,44,9/6/2023,2.4,Cash
4035,Leggings,,29-08-2023,4.3,Credit Card
4071,Hoodie,174,23-08-2023,2.8,Credit Card
4100,Handbag,,30-04-2023,3.5,Credit Card
3979,Hoodie,128,19-11-2022,1.5,Credit Card
4012,Jacket,132,1/3/2023,4.1,Cash
4070,Camisole,44,23-01-2023,2.3,Cash
4063,Boots,,23-05-2023,2,Credit Card
4070,Hoodie,127,17-06-2023,2.9,Credit Card
4030,Coat,,26-06-2023,3.7,Cash
3998,Sunglasses,61,13-02-2023,2.4,Credit Card
4065,Sweater,90,20-02-2023,1.3,Cash
4063,Hoodie,141,18-01-2023,3.6,Credit Card
3992,Poncho,149,24-05-2023,1.5,Cash
4107,Cardigan,19,28-10-2022,2.8,Credit Card
4110,Sun Hat,58,22-04-2023,3.2,Cash
3979,Kimono,22,12/4/2023,4.5,Credit Card
3993,T-shirt,94,13-11-2022,2.7,Cash
4010,Belt,104,6/7/2023,1.3,Credit Card
4034,Umbrella,112,21-05-2023,3,Credit Card
4078,Trench Coat,108,31-08-2023,4.8,Credit Card
4091,Camisole,57,30-03-2023,1.8,Cash
4042,Blouse,137,2/5/2023,1.9,Credit Card
3973,Onesie,142,10/2/2023,,Cash
4108,Kimono,31,2/5/2023,2.4,Cash
4053,Trench Coat,30,29-05-2023,1.6,Cash
3979,Umbrella,56,8/12/2022,3.1,Credit Card
3958,Umbrella,92,14-09-2023,2.5,Credit Card
4061,Polo Shirt,,18-04-2023,4.8,Cash
4120,Tank Top,85,29-01-2023,2.5,Cash
4026,Shorts,164,26-04-2023,1.7,Credit Card
4063,Vest,52,12/7/2023,3.5,Cash
4001,T-shirt,99,5/11/2022,4,Credit Card
4099,Flip-Flops,196,8/4/2023,4.8,Credit Card
4075,Socks,100,4/9/2023,4.4,Credit Card
4102,Poncho,121,3/3/2023,4.8,Credit Card
3992,T-shirt,24,22-09-2023,2.2,Credit Card
4008,Romper,,15-11-2022,4.9,Cash
4004,Belt,103,24-06-2023,2.9,Cash
4054,Tank Top,183,10/4/2023,4.8,Credit Card
4031,Polo Shirt,,23-06-2023,,Credit Card
4098,Poncho,,9/8/2023,3.2,Credit Card
4082,Raincoat,183,21-07-2023,4.7,Credit Card
3967,Boots,18,19-10-2022,4.8,Cash
4034,Poncho,,1/11/2022,,Cash
4106,Wallet,175,17-12-2022,1.6,Credit Card
4034,Flannel Shirt,108,21-05-2023,4.1,Cash
4083,Umbrella,18,2/6/2023,4.8,Cash
4100,Loafers,183,23-09-2023,4.1,Credit Card
4075,Dress,104,26-12-2022,2.6,Credit Card
4014,Loafers,29,24-07-2023,4.3,Cash
3963,Bowtie,145,27-11-2022,,Cash
3957,Coat,90,7/10/2022,2.1,Credit Card
3996,Umbrella,73,23-06-2023,1.5,Cash
4024,Tunic,16,8/3/2023,4.8,Cash
4033,Flannel Shirt,137,22-03-2023,2.8,Cash
4120,Gloves,153,22-10-2022,4,Cash
4119,Hat,,24-09-2023,,Cash
4077,Jacket,190,22-05-2023,2.2,Credit Card
3988,Swimsuit,166,30-08-2023,3.5,Credit Card
4030,Blouse,135,16-07-2023,3.6,Cash
4063,Trench Coat,44,17-04-2023,1.5,Credit Card
4002,Raincoat,125,12/10/2022,2.8,Credit Card
4082,Sweater,,27-02-2023,,Credit Card
4122,Belt,32,30-01-2023,4.6,Cash
4019,Kimono,91,6/4/2023,2.1,Cash
3964,Pajamas,191,30-04-2023,2.5,Credit Card
3987,Coat,,9/5/2023,1.5,Credit Card
4027,Swimsuit,86,19-10-2022,3.3,Cash
4083,Shorts,192,23-03-2023,3.8,Cash
3974,Trousers,189,20-10-2022,4,Cash
4110,Umbrella,102,26-01-2023,1.4,Credit Card
4049,Boots,41,28-09-2023,3.4,Cash
4105,Polo Shirt,45,5/2/2023,2.5,Cash
4080,Jumpsuit,136,17-05-2023,3.7,Cash
4101,Shorts,,15-02-2023,4.9,Cash
4068,Cardigan,104,7/5/2023,3.6,Credit Card
4023,Blazer,151,1/8/2023,2.1,Credit Card
4117,Onesie,,19-06-2023,2.1,Cash
4078,Cardigan,26,4/2/2023,3,Credit Card
3987,Sandals,193,18-01-2023,4.3,Credit Card
4052,Scarf,144,15-10-2022,1.3,Cash
4088,T-shirt,114,22-04-2023,4.2,Credit Card
4104,Poncho,28,6/6/2023,3,Credit Card
3961,Handbag,,28-08-2023,3.7,Cash
4023,Sunglasses,28,15-05-2023,4.1,Credit Card
3998,Vest,184,7/9/2023,3.2,Cash
4105,Scarf,42,18-01-2023,2.5,Credit Card
3971,Blazer,151,13-10-2022,4.7,Credit Card
3994,Backpack,56,27-04-2023,3.4,Cash
4038,Trench Coat,43,31-05-2023,4.2,Cash
4075,Dress,24,25-09-2023,3.3,Credit Card
3991,Overalls,142,2/12/2022,4.1,Credit Card
4048,Flip-Flops,,9/7/2023,3.7,Credit Card
3998,Kimono,,10/12/2022,2.7,Credit Card
3970,Sweater,191,3/1/2023,4,Cash
4026,Raincoat,142,3/1/2023,4.2,Credit Card
4049,T-shirt,30,5/5/2023,3.3,Credit Card
4064,Flip-Flops,172,30-04-2023,4.8,Credit Card
4119,Overalls,80,2/6/2023,3.5,Cash
4048,Trousers,,23-07-2023,3.7,Credit Card
3969,Blazer,146,26-08-2023,,Cash
4031,Raincoat,,22-02-2023,1.1,Cash
4031,Skirt,161,12/11/2022,1.4,Credit Card
4092,T-shirt,49,12/8/2023,4.2,Credit Card
4120,Raincoat,,10/10/2022,4.4,Cash
3976,Camisole,164,21-06-2023,4.3,Credit Card
4088,Hat,154,21-05-2023,4.9,Cash
4006,Vest,,19-06-2023,2.8,Credit Card
4117,Raincoat,30,29-08-2023,,Credit Card
4003,T-shirt,,18-06-2023,5,Credit Card
3981,Skirt,157,10/5/2023,4.2,Cash
4110,Belt,63,19-03-2023,4.1,Credit Card
3999,Kimono,116,21-01-2023,2.3,Cash
4096,Socks,17,16-06-2023,2.4,Credit Card
4039,Hoodie,170,19-03-2023,4.4,Credit Card
4037,Flannel Shirt,174,13-09-2023,2.3,Credit Card
4034,Trench Coat,133,4/8/2023,4,Credit Card
4026,Pants,185,25-10-2022,1.9,Credit Card
4049,Tie,126,18-04-2023,1.4,Cash
3981,Shorts,,31-05-2023,3.6,Cash
4093,Kimono,,15-01-2023,3,Cash
4105,T-shirt,133,22-07-2023,2.5,Credit Card
4047,Pants,97,2/5/2023,3.8,Cash
3993,Jumpsuit,90,14-01-2023,4.2,Credit Card
3960,Wallet,91,6/3/2023,4,Credit Card
3992,Sandals,98,15-09-2023,2.3,Credit Card
4089,Gloves,43,27-12-2022,3.3,Cash
4029,Onesie,141,23-09-2023,3.8,Credit Card
4052,Vest,91,22-06-2023,4,Cash
4081,Swimsuit,41,22-09-2023,2.6,Credit Card
4062,Blazer,73,14-08-2023,1.8,Cash
4044,Swimsuit,,16-06-2023,,Cash
3998,Belt,,5/6/2023,4.5,Credit Card
3983,Hat,167,24-04-2023,2.1,Credit Card
4012,Polo Shirt,50,14-10-2022,3.1,Credit Card
3996,Sneakers,157,12/3/2023,4.7,Credit Card
4085,Skirt,58,24-08-2023,4.8,Credit Card
4013,Bowtie,137,16-03-2023,4.5,Cash
4005,Wallet,129,13-10-2022,3.3,Credit Card
4100,Bowtie,88,10/9/2023,,Credit Card
4114,Coat,33,24-08-2023,2.8,Credit Card
4091,Blouse,139,5/3/2023,,Credit Card
4093,Raincoat,71,21-07-2023,3.7,Cash
4098,Poncho,100,11/12/2022,3,Cash
3986,Belt,,12/12/2022,4.9,Cash
4063,T-shirt,162,1/12/2022,1.9,Credit Card
4074,Raincoat,177,22-09-2023,1.9,Cash
3976,Romper,83,23-05-2023,,Credit Card
3986,Socks,37,1/11/2022,1.1,Credit Card
3990,Shorts,77,13-02-2023,4.4,Credit Card
3961,Socks,113,29-08-2023,3.2,Cash
4079,Cardigan,112,16-07-2023,2.6,Cash
4046,Dress,,6/5/2023,3.3,Credit Card
4036,Blouse,102,25-09-2023,4.6,Cash
4049,Vest,28,10/11/2022,4,Credit Card
3992,Tie,125,8/7/2023,4.9,Cash
4070,Poncho,81,25-04-2023,2.1,Cash
4109,Trousers,169,16-09-2023,4.6,Credit Card
4090,Dress,40,16-05-2023,2.3,Credit Card
4044,Coat,,17-10-2022,4.8,Cash
4001,Wallet,,28-04-2023,4.4,Credit Card
4034,Socks,96,20-04-2023,2,Credit Card
3964,Onesie,103,15-01-2023,1.5,Cash
3987,Wallet,60,5/1/2023,4.1,Cash
4013,Sneakers,112,2/11/2022,2.9,Credit Card
3989,Shorts,21,6/11/2022,4.2,Credit Card
3993,Tie,,25-04-2023,3.9,Credit Card
4015,Kimono,131,24-12-2022,3.6,Cash
4035,Sun Hat,48,24-07-2023,4.9,Credit Card
3989,Kimono,141,13-09-2023,3.3,Credit Card
4010,Umbrella,,9/10/2022,,Credit Card
3990,Romper,91,1/6/2023,3,Cash
3977,Blouse,,8/1/2023,4.8,Credit Card
4065,Leggings,199,26-07-2023,3.2,Credit Card
3985,Tunic,161,26-07-2023,1.2,Cash
3976,Tunic,140,31-12-2022,4.5,Credit Card
3961,Jumpsuit,191,19-06-2023,3.7,Cash
4080,Vest,131,13-08-2023,,Credit Card
4067,Trench Coat,104,12/11/2022,3.3,Credit Card
3967,Camisole,38,11/9/2023,3.9,Credit Card
4007,Poncho,159,19-07-2023,3,Cash
3984,Pajamas,195,3/7/2023,4.8,Cash
3965,Blouse,171,22-12-2022,1.9,Cash
4088,Shorts,,10/6/2023,3.2,Cash
4108,Skirt,177,2/12/2022,2.3,Cash
3972,Jeans,158,16-07-2023,4.5,Cash
4077,Blouse,194,19-12-2022,1.6,Credit Card
3987,Pants,,4/5/2023,3.7,Cash
4021,Raincoat,144,26-09-2023,1,Cash
3968,Trench Coat,168,16-03-2023,3.8,Cash
3973,T-shirt,107,14-01-2023,1.5,Credit Card
4034,Jumpsuit,,29-01-2023,3.5,Credit Card
3959,Umbrella,18,27-05-2023,3.9,Credit Card
3981,Boots,189,17-11-2022,2,Credit Card
3988,Sweater,,24-05-2023,4,Credit Card
4111,Umbrella,,5/10/2022,1.7,Credit Card
4009,Trousers,48,2/7/2023,3,Credit Card
4107,Belt,62,6/5/2023,1.4,Credit Card
4008,Loafers,166,8/3/2023,3.3,Credit Card
4004,Poncho,198,10/8/2023,2.5,Cash
4046,T-shirt,190,13-02-2023,3.8,Cash
3964,Belt,,28-12-2022,2.4,Credit Card
3980,Onesie,93,27-04-2023,,Cash
3994,Cardigan,132,29-07-2023,3.8,Credit Card
4028,Cardigan,90,28-02-2023,3,Credit Card
4105,Kimono,127,21-12-2022,2.6,Credit Card
4046,Hoodie,97,17-10-2022,4.9,Cash
4047,Tunic,183,15-01-2023,2.4,Cash
3998,Belt,194,23-09-2023,3.1,Credit Card
4085,Boots,187,31-07-2023,,Cash
4113,Flip-Flops,133,3/7/2023,4.9,Credit Card
4018,Pants,,18-09-2023,,Cash
4086,Camisole,152,7/9/2023,1.7,Credit Card
4102,Trench Coat,86,30-01-2023,3.1,Cash
3974,Hat,190,15-11-2022,,Credit Card
3982,Boots,190,12/9/2023,1.1,Cash
4105,Sneakers,132,31-01-2023,3.3,Credit Card
3960,Jumpsuit,194,18-03-2023,4.8,Cash
4092,Shorts,41,5/3/2023,3.5,Credit Card
4012,Sandals,149,18-09-2023,1.9,Credit Card
4006,Tank Top,111,25-08-2023,4.5,Credit Card
4029,Boots,47,5/8/2023,3.4,Credit Card
4000,Wallet,83,21-09-2023,4.6,Cash
4094,Belt,30,11/10/2022,4.5,Cash
3958,Socks,123,28-11-2022,1.6,Cash
3982,Onesie,132,23-02-2023,1.1,Cash
4011,Romper,147,3/4/2023,,Credit Card
4086,Skirt,153,18-07-2023,4.8,Credit Card
4078,Tank Top,45,10/8/2023,4.2,Credit Card
4050,Camisole,,4/5/2023,2.2,Cash
4107,Trench Coat,71,20-05-2023,1.7,Cash
4004,Flip-Flops,181,15-10-2022,4.6,Credit Card
4069,Hat,67,14-04-2023,3.4,Cash
3984,Socks,23,4/8/2023,4.7,Credit Card
4003,Slippers,,1/1/2023,4.7,Cash
4047,Handbag,130,3/11/2022,2.6,Credit Card
4054,Handbag,,13-08-2023,1.5,Credit Card
4065,Pants,11,25-03-2023,2.4,Credit Card
4011,Gloves,50,4/7/2023,2,Credit Card
4088,Shorts,131,14-05-2023,1.8,Cash
4015,Blouse,61,7/1/2023,2.4,Credit Card
4061,Vest,83,3/10/2022,4.7,Cash
3985,Dress,175,8/4/2023,4.6,Credit Card
4037,Sneakers,,11/2/2023,4.4,Cash
3988,Socks,176,8/8/2023,,Cash
4076,Pants,146,30-06-2023,3.7,Credit Card
3985,Belt,19,24-12-2022,3.1,Cash
4090,Jeans,54,18-02-2023,3.1,Cash
3991,Flip-Flops,55,28-01-2023,3.2,Cash
4083,Socks,19,16-07-2023,2.3,Credit Card
4049,Hoodie,111,21-06-2023,1.8,Cash
4030,Sweater,57,21-02-2023,2.7,Cash
4099,Pajamas,84,4/9/2023,1.3,Cash
3967,Tie,12,4/2/2023,,Credit Card
3978,Flannel Shirt,164,29-10-2022,3.2,Cash
4040,Blazer,,24-09-2023,2.2,Cash
4083,Tank Top,82,16-12-2022,4.1,Cash
3986,Handbag,174,22-09-2023,3.8,Credit Card
4055,Gloves,136,14-09-2023,1.2,Credit Card
4029,Gloves,44,9/11/2022,2.2,Credit Card
4073,Trousers,129,28-05-2023,4.6,Cash
4110,Belt,38,4/7/2023,3.6,Credit Card
4036,Onesie,197,28-11-2022,3.1,Cash
4070,Sweater,75,2/5/2023,,Cash
4014,Trench Coat,13,31-05-2023,1.8,Credit Card
4098,Belt,85,16-06-2023,1.2,Credit Card
4061,Backpack,59,4/10/2022,4.5,Cash
4031,Sweater,,17-04-2023,3.1,Cash
4066,Blazer,113,22-08-2023,2.5,Cash
4005,Shorts,141,12/4/2023,4.6,Cash
3974,Sneakers,112,26-08-2023,,Credit Card
4078,Swimsuit,57,17-02-2023,4.6,Credit Card
4051,Sneakers,132,6/9/2023,1.3,Cash
4002,Raincoat,73,23-01-2023,1.8,Credit Card
3960,Romper,,14-09-2023,1.1,Cash
4082,Tie,124,29-11-2022,1.8,Cash
3983,Boots,94,26-03-2023,4.7,Cash
4058,Leggings,195,28-08-2023,,Cash
4069,Sweater,76,29-06-2023,4.3,Credit Card
4090,Hat,187,25-07-2023,4.9,Credit Card
3978,Dress,180,28-10-2022,4.3,Cash
3987,T-shirt,,23-11-2022,4.4,Credit Card
3993,Sweater,113,14-04-2023,,Credit Card
4058,Wallet,190,31-08-2023,2,Credit Card
4059,Poncho,186,8/2/2023,4.5,Cash
4108,Leggings,,26-07-2023,3.3,Credit Card
3983,Scarf,85,3/9/2023,3.5,Cash
4000,Cardigan,66,13-12-2022,4.5,Credit Card
3973,Onesie,44,1/9/2023,2.1,Credit Card
4050,Sneakers,126,20-06-2023,2.7,Credit Card
4007,Loafers,165,18-11-2022,2.1,Cash
4043,Skirt,189,19-03-2023,4.3,Credit Card
4008,Belt,130,2/10/2022,3.4,Credit Card
4109,Hat,180,12/1/2023,2.6,Credit Card
4060,Sandals,73,19-05-2023,2.8,Credit Card
3988,Kimono,162,25-10-2022,1.9,Cash
4016,Swimsuit,30,29-11-2022,1.5,Credit Card
4065,Trousers,145,2/6/2023,3,Credit Card
4084,Blazer,29,29-10-2022,2.3,Credit Card
4028,Shorts,38,4/8/2023,2,Cash
4105,Skirt,,20-12-2022,4.7,Cash
4108,Wallet,139,1/5/2023,3.1,Cash
4026,T-shirt,147,20-08-2023,3.3,Cash
4121,Umbrella,,3/3/2023,1.5,Cash
4059,Sun Hat,143,23-10-2022,4.5,Credit Card
4048,Jumpsuit,184,18-05-2023,3.2,Cash
4078,Blouse,159,26-10-2022,1.5,Credit Card
4111,Trousers,140,14-01-2023,2.9,Credit Card
4060,Swimsuit,24,17-10-2022,1.9,Credit Card
4081,Poncho,141,21-06-2023,1.7,Cash
4087,Swimsuit,154,20-08-2023,4.2,Cash
4028,Poncho,,5/7/2023,3.5,Cash
3994,Jumpsuit,88,18-10-2022,1.6,Credit Card
4073,Slippers,111,24-06-2023,1.2,Credit Card
3984,Flannel Shirt,10,25-08-2023,4.1,Credit Card
3988,Loafers,158,4/11/2022,1.8,Credit Card
4021,Swimsuit,,22-05-2023,3.3,Cash
4082,Boots,189,22-12-2022,2.4,Cash
4084,Backpack,,25-04-2023,4.7,Credit Card
4016,Sneakers,27,17-12-2022,1.8,Cash
4117,Scarf,130,29-06-2023,2.6,Cash
3991,Slippers,,25-12-2022,2.2,Cash
3964,Pajamas,44,5/8/2023,,Cash
3982,Hoodie,196,2/5/2023,1.8,Cash
3970,Skirt,117,10/7/2023,2.8,Credit Card
3974,Blouse,107,30-12-2022,1.3,Credit Card
4084,Handbag,106,31-08-2023,3.1,Cash
3963,Poncho,184,2/3/2023,1.6,Credit Card
4002,Loafers,148,4/3/2023,1.2,Credit Card
4054,Shorts,,28-06-2023,2.6,Credit Card
4111,Dress,40,18-03-2023,3.5,Cash
4040,Slippers,,17-10-2022,4.7,Cash
3996,Backpack,145,5/9/2023,1.6,Cash
4034,Socks,,11/10/2022,1.9,Credit Card
4116,Socks,10,24-05-2023,3.3,Credit Card
4116,Romper,86,16-12-2022,4.1,Cash
3981,Bowtie,194,23-06-2023,1.9,Credit Card
3976,Skirt,146,18-06-2023,3.3,Credit Card
4090,Jacket,68,4/9/2023,,Credit Card
4083,Polo Shirt,98,25-07-2023,4.6,Credit Card
4076,Flip-Flops,,24-03-2023,3.6,Credit Card
4008,Trousers,,18-07-2023,3.5,Credit Card
4032,Blazer,38,4/1/2023,4,Credit Card
4084,Camisole,,26-08-2023,3.5,Credit Card
4082,Onesie,167,29-08-2023,5,Cash
4086,Tunic,14,29-05-2023,4.7,Credit Card
4023,Socks,27,21-08-2023,3.1,Cash
4095,Polo Shirt,,20-02-2023,1.6,Cash
4044,Camisole,,16-11-2022,1.7,Cash
4095,Pants,190,9/11/2022,5,Cash
4096,Dress,72,4/5/2023,2.5,Cash
3961,Blouse,112,5/7/2023,,Cash
3965,Socks,148,3/10/2022,1.6,Cash
4067,Tie,24,6/5/2023,3.8,Cash
3987,Sun Hat,,1/8/2023,1.9,Credit Card
4055,Romper,69,17-09-2023,4.4,Credit Card
4072,Sandals,197,28-11-2022,4.8,Credit Card
4037,Tunic,157,5/8/2023,2.7,Credit Card
4053,Sun Hat,182,17-04-2023,2.8,Cash
4070,Raincoat,70,27-11-2022,2.5,Cash
4074,Swimsuit,46,28-12-2022,2.6,Cash
3966,Bowtie,143,31-05-2023,1.8,Cash
3965,Handbag,86,27-04-2023,1.8,Cash
4002,Romper,152,20-04-2023,4.5,Cash
4099,Shorts,198,8/12/2022,3.5,Cash
4034,Belt,170,9/10/2022,3.2,Cash
3999,Jacket,152,14-07-2023,2.6,Cash
4082,Onesie,98,18-10-2022,1.9,Cash
4067,Tie,181,30-06-2023,1.4,Cash
3991,Flannel Shirt,144,9/12/2022,2.2,Cash
4036,Trench Coat,116,10/10/2022,4.1,Credit Card
4056,Jeans,86,1/2/2023,1.2,Cash
4081,Coat,147,17-08-2023,3.2,Credit Card
3985,Loafers,67,2/12/2022,2.5,Cash
4102,Sneakers,191,23-05-2023,1.7,Cash
4082,Tank Top,,31-10-2022,3.8,Cash
4098,Blouse,24,23-08-2023,3.7,Credit Card
4095,Cardigan,116,30-12-2022,4,Cash
4103,Dress,44,5/5/2023,1.6,Cash
4077,Sunglasses,75,9/1/2023,4.1,Credit Card
4078,Sweater,175,11/9/2023,2.6,Credit Card
4100,Tank Top,,14-02-2023,4.5,Cash
3997,Socks,104,22-02-2023,4.7,Credit Card
4086,Poncho,,16-02-2023,4.7,Cash
3971,Vest,58,21-01-2023,3.9,Cash
4057,Kimono,,17-03-2023,3.7,Credit Card
4024,Umbrella,164,2/8/2023,1.3,Cash
4083,Polo Shirt,28,15-04-2023,,Credit Card
4108,Trench Coat,,20-08-2023,1.2,Credit Card
4053,Jacket,195,31-08-2023,2.3,Cash
4114,Coat,65,4/1/2023,1.8,Cash
4047,Bowtie,95,26-08-2023,1.9,Cash
4029,Tunic,13,8/2/2023,2.5,Credit Card
4039,Trench Coat,58,22-03-2023,3.3,Cash
3972,Pajamas,40,26-06-2023,2.9,Cash
3964,Sun Hat,132,15-09-2023,2.2,Credit Card
4108,Jumpsuit,188,7/6/2023,3.2,Credit Card
3968,Pajamas,62,5/10/2022,1.6,Cash
3989,Vest,71,12/11/2022,3.1,Credit Card
4050,Loafers,82,1/1/2023,1.6,Cash
4046,Sneakers,146,7/10/2022,2.9,Credit Card
4106,Scarf,88,2/3/2023,3.8,Cash
3963,Hat,141,5/9/2023,4.9,Credit Card
4117,T-shirt,129,3/9/2023,1.6,Credit Card
4044,Coat,,14-12-2022,4,Cash
4054,Sunglasses,130,3/3/2023,2.5,Cash
3981,Scarf,91,24-12-2022,1.7,Credit Card
4066,Slippers,104,3/9/2023,,Credit Card
4045,Tank Top,21,11/4/2023,4.3,Cash
4048,T-shirt,66,20-01-2023,3.3,Cash
4062,Trench Coat,14,28-04-2023,4.6,Credit Card
4046,Overalls,159,3/8/2023,4.8,Credit Card
3971,Trench Coat,116,11/10/2022,4.5,Credit Card
4019,Romper,60,28-07-2023,4.5,Cash
4020,Camisole,107,17-11-2022,,Cash
4017,Flannel Shirt,72,20-12-2022,2.2,Credit Card
4122,Sandals,177,24-01-2023,1.6,Cash
4036,Blazer,96,24-05-2023,4.2,Cash
4108,Gloves,135,6/4/2023,4.8,Credit Card
3978,Cardigan,174,6/2/2023,3.8,Credit Card
3973,Romper,127,6/10/2022,1.3,Cash
4035,Sneakers,,3/1/2023,4.2,Cash
3986,Sun Hat,53,11/7/2023,,Cash
4043,Shorts,,15-02-2023,2.7,Cash
4000,Coat,57,20-07-2023,4.4,Cash
3962,Gloves,148,21-05-2023,2.1,Cash
4094,Dress,25,27-04-2023,4.7,Cash
4040,Polo Shirt,29,27-09-2023,4.6,Cash
3966,Boots,181,1/11/2022,,Credit Card
4074,Cardigan,,6/2/2023,2.2,Cash
4065,Dress,,10/8/2023,2.7,Cash
4102,Handbag,,12/4/2023,,Cash
4088,Pants,27,30-08-2023,4,Cash
4064,Sneakers,12,19-05-2023,1.3,Credit Card
4025,Blouse,126,2/10/2022,1.5,Cash
3962,Sneakers,168,8/12/2022,3.5,Cash
4077,Sweater,167,1/3/2023,1.1,Credit Card
4107,Backpack,178,3/2/2023,4.6,Cash
3962,Boots,11,12/4/2023,1.1,Credit Card
4038,Scarf,115,13-03-2023,3.8,Cash
4053,Polo Shirt,,9/12/2022,4.2,Credit Card
4103,Shorts,80,20-09-2023,4.1,Credit Card
4056,T-shirt,83,8/3/2023,2.4,Cash
4039,Backpack,,23-10-2022,3.9,Cash
4103,Raincoat,182,31-03-2023,3,Cash
3982,Handbag,55,1/4/2023,4.7,Cash
4082,Loafers,,23-01-2023,1.3,Credit Card
3982,Swimsuit,,24-09-2023,2.3,Cash
4009,Leggings,,7/5/2023,1.5,Cash
4043,Hoodie,,9/2/2023,4.2,Cash
4084,Romper,100,15-06-2023,1.3,Credit Card
4085,Sun Hat,111,11/11/2022,1.6,Credit Card
4043,Sandals,,25-09-2023,4.1,Credit Card
3999,Camisole,127,1/7/2023,1,Credit Card
4114,Blouse,188,15-05-2023,,Credit Card
4033,Tie,185,8/4/2023,4.5,Cash
4050,Flip-Flops,30,21-02-2023,1.6,Cash
4068,Cardigan,176,14-09-2023,4.5,Credit Card
4008,Leggings,33,10/10/2022,4.5,Cash
4084,Sweater,106,3/2/2023,1.4,Credit Card
4119,Handbag,24,24-04-2023,3.8,Cash
3976,T-shirt,189,26-09-2023,4,Credit Card
4094,Raincoat,,18-02-2023,,Credit Card
4011,Gloves,121,20-06-2023,,Credit Card
4030,Camisole,94,8/7/2023,1,Credit Card
4024,Sneakers,34,16-12-2022,1.9,Credit Card
3969,Hat,20,1/12/2022,,Cash
4033,Sandals,187,31-03-2023,,Credit Card
4103,Jeans,131,20-07-2023,3.1,Credit Card
4059,Polo Shirt,29,21-05-2023,1.8,Credit Card
4014,Wallet,81,14-06-2023,3.4,Credit Card
4116,Jumpsuit,154,6/2/2023,2.2,Cash
3980,Jumpsuit,55,24-06-2023,4.5,Credit Card
4105,Slippers,90,9/4/2023,,Cash
3981,Skirt,,20-02-2023,1,Cash
4108,Camisole,46,1/10/2023,1.8,Cash
4043,Poncho,192,24-04-2023,3.2,Cash
4026,Tank Top,29,30-04-2023,3.8,Credit Card
3974,Pajamas,154,18-12-2022,1.3,Cash
4102,Backpack,109,11/1/2023,2.3,Cash
4092,Sandals,148,6/12/2022,1.6,Cash
4078,Handbag,199,28-01-2023,3.4,Cash
4066,Handbag,,9/5/2023,3,Cash
4010,Loafers,195,21-10-2022,2.7,Credit Card
4045,Sun Hat,,15-04-2023,3.9,Credit Card
3976,Scarf,98,26-04-2023,3.6,Credit Card
4034,Bowtie,,27-05-2023,2,Credit Card
4086,Gloves,29,7/8/2023,1.3,Credit Card
4033,Leggings,167,17-08-2023,,Credit Card
4067,Sneakers,111,29-06-2023,3.9,Cash
4095,Scarf,93,28-04-2023,4.3,Cash
4037,Slippers,,24-02-2023,,Cash
4008,Handbag,125,28-07-2023,3.9,Cash
4063,Tunic,101,8/11/2022,,Cash
4059,Vest,106,7/12/2022,1.4,Credit Card
4021,Pants,184,10/4/2023,4.7,Credit Card
4116,Bowtie,107,26-07-2023,3.7,Credit Card
4088,Gloves,,9/3/2023,1.3,Credit Card
4073,Camisole,73,19-07-2023,4.4,Credit Card
4097,Camisole,31,7/6/2023,4,Credit Card
4003,Belt,107,8/9/2023,3,Cash
3961,Swimsuit,172,30-12-2022,2.3,Credit Card
4117,Pants,,10/12/2022,1.8,Credit Card
4089,Onesie,102,27-10-2022,1.2,Credit Card
4004,Hoodie,,10/2/2023,2.9,Credit Card
4104,Kimono,,5/1/2023,4.7,Cash
4084,Hat,102,7/8/2023,4.9,Cash
4011,Overalls,36,27-06-2023,4.6,Cash
4076,Hat,,18-04-2023,1.6,Cash
4025,Hat,,4/1/2023,2.7,Cash
4120,Socks,152,25-12-2022,,Credit Card
4093,Sunglasses,36,30-04-2023,2.3,Cash
4114,Kimono,,17-07-2023,3.5,Cash
4068,Camisole,33,15-08-2023,1.1,Cash
4101,Hat,93,6/12/2022,3.6,Credit Card
4117,Backpack,13,7/10/2022,3.4,Cash
3972,Cardigan,109,16-04-2023,1.4,Credit Card
4090,Jeans,195,3/5/2023,1.6,Credit Card
4008,Blazer,72,23-04-2023,1.1,Credit Card
4050,Coat,53,8/11/2022,2.2,Cash
4075,Hat,53,22-05-2023,3.2,Cash
3994,Vest,,20-07-2023,2.9,Cash
4018,Umbrella,136,27-07-2023,2.7,Credit Card
3995,Loafers,,28-04-2023,1.6,Cash
4033,Socks,,31-12-2022,1.2,Cash
4068,Jacket,86,6/1/2023,1.3,Cash
4062,Pants,29,27-03-2023,2.9,Cash
4038,Jacket,73,13-04-2023,1.9,Credit Card
3973,Belt,136,10/8/2023,4.2,Credit Card
4119,Boots,60,31-07-2023,1.1,Credit Card
4009,Overalls,44,5/8/2023,1.6,Credit Card
4062,Backpack,111,3/9/2023,3.7,Cash
4025,Vest,168,20-12-2022,1.5,Credit Card
4030,Skirt,94,30-07-2023,2.1,Credit Card
4122,Camisole,120,6/8/2023,4.2,Cash
3998,Flannel Shirt,176,9/7/2023,2.5,Credit Card
4022,Blouse,44,5/2/2023,1.3,Credit Card
4110,Camisole,164,20-01-2023,2.7,Cash
4017,Tunic,61,15-03-2023,2.3,Credit Card
4060,T-shirt,55,12/7/2023,4.5,Credit Card
4018,Loafers,91,3/6/2023,4.7,Credit Card
3986,Skirt,187,24-04-2023,4.1,Credit Card
3995,Pajamas,157,13-07-2023,3.3,Credit Card
4006,Pajamas,93,22-06-2023,1.8,Cash
3964,Jeans,110,27-05-2023,2.3,Cash
4019,Shorts,154,30-09-2023,4.9,Cash
4036,T-shirt,,12/6/2023,3.4,Credit Card
4075,Tunic,56,20-05-2023,4.3,Cash
4081,Backpack,150,10/8/2023,2.9,Cash
4100,Dress,,5/1/2023,,Credit Card
4068,Blouse,191,10/4/2023,1.4,Credit Card
4065,Boots,84,12/5/2023,3.5,Credit Card
4122,Jumpsuit,27,8/10/2022,,Cash
3966,Hoodie,114,5/3/2023,3.4,Credit Card
4008,Sneakers,45,3/12/2022,4.8,Cash
3997,Pants,71,5/2/2023,2.8,Cash
4026,Handbag,49,9/2/2023,4.2,Cash
3991,Loafers,106,27-06-2023,1.6,Credit Card
3964,T-shirt,,29-12-2022,1.2,Credit Card
4023,T-shirt,132,27-10-2022,3.5,Cash
4028,Skirt,146,26-06-2023,4.3,Credit Card
4097,Polo Shirt,187,7/2/2023,1.6,Cash
4002,Poncho,19,9/8/2023,2.3,Cash
4121,Trousers,102,5/2/2023,3.4,Credit Card
3967,Romper,147,19-11-2022,4.3,Credit Card
4081,Hoodie,31,18-03-2023,4.8,Credit Card
3962,Socks,,12/1/2023,1.5,Cash
3971,Blouse,180,6/8/2023,3.9,Cash
3978,Onesie,175,29-06-2023,4.2,Cash
4037,Tunic,154,7/1/2023,4.2,Credit Card
4111,Sunglasses,183,4/8/2023,4.3,Cash
4033,Bowtie,94,14-11-2022,,Cash
3973,Coat,120,20-12-2022,1.6,Credit Card
4061,Blazer,,5/12/2022,,Credit Card
4050,Trousers,,26-04-2023,4,Cash
3980,Onesie,142,7/10/2022,,Credit Card
4058,Pants,186,17-10-2022,4.6,Cash
3992,Boots,124,4/10/2022,3.5,Credit Card
4017,Sweater,128,5/11/2022,3.4,Credit Card
3985,Polo Shirt,160,27-02-2023,1.4,Credit Card
4103,Tank Top,48,3/3/2023,2.1,Cash
4085,Sneakers,16,27-10-2022,2.8,Credit Card
3987,Handbag,85,1/9/2023,1.5,Credit Card
4090,Polo Shirt,31,4/9/2023,1.5,Credit Card
4105,Shorts,,24-09-2023,3.2,Cash
4091,Jeans,46,28-05-2023,2.3,Cash
4021,Dress,97,24-04-2023,3.2,Cash
4084,Skirt,62,16-12-2022,3.6,Cash
3980,Polo Shirt,99,13-08-2023,2.3,Credit Card
4017,Cardigan,122,5/11/2022,1.1,Cash
4110,Skirt,125,7/3/2023,3.3,Cash
3988,Trench Coat,86,31-08-2023,4.5,Credit Card
4037,Tie,,5/9/2023,,Credit Card
4041,Pants,15,26-01-2023,1.5,Credit Card
4106,T-shirt,175,19-10-2022,,Credit Card
4056,Gloves,,24-02-2023,,Credit Card
4017,Jeans,199,17-07-2023,3.1,Credit Card
4065,Gloves,54,7/11/2022,1.9,Credit Card
4012,Belt,94,21-01-2023,4.9,Credit Card
3993,Pajamas,128,4/3/2023,2.7,Credit Card
3984,Pants,113,1/12/2022,3,Credit Card
4001,Raincoat,57,10/10/2022,3.1,Cash
4011,Backpack,120,14-01-2023,2.6,Cash
4027,Cardigan,198,23-06-2023,4.3,Credit Card
4069,Gloves,60,23-07-2023,2.8,Credit Card
4061,Umbrella,119,12/6/2023,4.6,Credit Card
4022,Pajamas,190,15-03-2023,2,Credit Card
4107,Umbrella,81,18-12-2022,3.2,Credit Card
3971,Romper,26,23-08-2023,,Credit Card
4082,Shorts,147,7/7/2023,1.9,Credit Card
4093,Kimono,,30-05-2023,,Credit Card
4052,Coat,127,8/12/2022,1.9,Cash
3985,Shorts,,18-10-2022,4.5,Cash
4038,Gloves,135,31-07-2023,2.3,Cash
4096,Skirt,173,11/8/2023,3.7,Cash
4065,Cardigan,109,5/7/2023,,Credit Card
4078,Raincoat,160,12/5/2023,3,Credit Card
4020,Jacket,,27-08-2023,3.8,Cash
4028,Flip-Flops,127,18-03-2023,1.2,Cash
3994,Trousers,182,10/9/2023,1.8,Cash
4049,Shorts,86,16-04-2023,1,Credit Card
4078,Swimsuit,161,3/3/2023,3.3,Cash
4051,Hoodie,,22-12-2022,4.6,Cash
4035,Dress,,8/9/2023,1.9,Credit Card
3962,Loafers,,24-09-2023,4.7,Cash
4122,Pants,56,10/12/2022,2.1,Cash
4112,Hat,46,2/3/2023,3,Cash
3965,Belt,117,7/10/2022,1.8,Credit Card
3970,Flannel Shirt,157,19-03-2023,2.3,Credit Card
4018,Trousers,57,15-08-2023,2,Credit Card
4021,Loafers,147,30-09-2023,2.1,Cash
4098,Hat,175,30-08-2023,,Cash
4055,Umbrella,54,18-12-2022,3.6,Credit Card
4036,Belt,135,30-10-2022,2.6,Credit Card
4120,Pants,57,24-06-2023,1.2,Credit Card
4049,Wallet,125,3/1/2023,4,Credit Card
3988,Umbrella,101,29-01-2023,1.8,Credit Card
4093,Blazer,134,23-03-2023,4,Cash
4017,Flip-Flops,,28-01-2023,3.7,Cash
4070,Cardigan,153,17-10-2022,4.3,Credit Card
4056,Raincoat,136,20-07-2023,1.2,Credit Card
3959,Skirt,135,7/6/2023,3.3,Credit Card
4057,Sneakers,123,8/5/2023,2,Credit Card
4022,Kimono,31,9/5/2023,2.2,Cash
4034,Wallet,66,9/8/2023,1.7,Credit Card
3980,Swimsuit,80,23-11-2022,3,Credit Card
4017,Sandals,83,16-08-2023,3.9,Credit Card
4033,Romper,,12/2/2023,2.6,Cash
4010,Jacket,200,15-07-2023,4.7,Cash
3998,T-shirt,136,15-08-2023,3.4,Credit Card
4069,Pants,38,25-04-2023,3.7,Credit Card
4118,Jumpsuit,78,5/12/2022,1.3,Credit Card
4038,Backpack,103,20-07-2023,1,Cash
4121,Pants,20,8/7/2023,,Credit Card
4061,Leggings,122,19-10-2022,,Credit Card
3965,Pants,118,30-08-2023,,Credit Card
4027,Pajamas,,9/4/2023,1,Cash
3977,Bowtie,73,25-04-2023,3.9,Credit Card
4082,Camisole,18,2/7/2023,1.4,Cash
4077,Onesie,99,8/12/2022,3.6,Credit Card
4062,Jacket,32,4/10/2022,4,Cash
4042,Shorts,40,14-11-2022,2.1,Cash
4065,Sunglasses,70,1/6/2023,2.2,Cash
3982,Belt,198,4/9/2023,,Cash
3998,Camisole,99,6/4/2023,1.6,Credit Card
4023,Sneakers,166,4/2/2023,4.7,Cash
4086,Pants,52,19-08-2023,4.7,Cash
3973,Hoodie,62,3/10/2022,3.5,Cash
4047,Leggings,25,19-05-2023,4.2,Cash
4064,Blouse,146,13-08-2023,4.7,Cash
4111,Hat,147,29-04-2023,1.5,Credit Card
4097,Jumpsuit,,29-04-2023,2.8,Credit Card
4040,Pajamas,84,22-11-2022,3.8,Cash
4073,Raincoat,78,28-06-2023,1.1,Credit Card
3964,Leggings,141,10/5/2023,1.3,Cash
3970,Kimono,183,21-07-2023,1.9,Cash
4121,Belt,44,21-03-2023,2.5,Credit Card
4121,Onesie,115,4/6/2023,,Cash
4004,Tank Top,80,19-12-2022,2.9,Credit Card
4118,Tie,42,31-08-2023,1.1,Cash
4070,Loafers,43,26-08-2023,3.6,Credit Card
4121,Handbag,192,27-02-2023,4.5,Cash
3991,Trousers,73,5/10/2022,3.9,Credit Card
3957,Blouse,183,9/3/2023,2.1,Credit Card
4059,Backpack,46,5/2/2023,4.9,Credit Card
4008,Boots,78,8/3/2023,3.8,Cash
4117,Pajamas,106,10/6/2023,5,Credit Card
4035,Tie,172,10/2/2023,,Cash
4037,Sun Hat,33,2/12/2022,4.4,Cash
4104,Kimono,81,30-09-2023,3.8,Cash
3978,Polo Shirt,104,24-12-2022,3.9,Cash
3985,Polo Shirt,134,13-03-2023,2.1,Cash
3997,Kimono,10,25-01-2023,,Credit Card
4020,Polo Shirt,197,8/11/2022,4.3,Credit Card
4089,Polo Shirt,,3/9/2023,2.5,Cash
3990,Gloves,172,9/1/2023,3.9,Credit Card
4109,Pajamas,101,5/6/2023,2.3,Credit Card
4062,Hoodie,146,5/9/2023,2.6,Cash
4038,Slippers,119,14-08-2023,2.5,Credit Card
4072,Romper,136,12/3/2023,4.1,Credit Card
4079,Tie,82,27-04-2023,3.7,Credit Card
3991,Flannel Shirt,157,20-11-2022,3.7,Credit Card
4023,Sunglasses,,8/10/2022,4.8,Credit Card
4001,Jumpsuit,97,28-10-2022,,Credit Card
4108,Tank Top,22,13-06-2023,1.6,Credit Card
4040,Poncho,,9/6/2023,3.6,Credit Card
4029,Gloves,127,12/6/2023,3.2,Cash
4007,Tank Top,,10/1/2023,4.6,Credit Card
3978,Hoodie,50,26-08-2023,4.7,Credit Card
4063,Boots,10,27-12-2022,1.6,Cash
4051,Swimsuit,119,8/11/2022,3.5,Cash
4003,T-shirt,186,13-06-2023,4.4,Credit Card
4057,Scarf,176,30-03-2023,4.9,Credit Card
4053,Jeans,80,2/11/2022,4.3,Cash
4103,Swimsuit,,25-01-2023,4.3,Credit Card
4014,Sun Hat,31,4/5/2023,5,Cash
3962,Onesie,176,15-11-2022,3.1,Cash
3962,Blouse,,23-07-2023,2,Credit Card
4099,Shorts,88,6/9/2023,4.8,Credit Card
4122,Sweater,69,1/1/2023,3.7,Credit Card
4113,Raincoat,33,25-10-2022,3,Cash
4117,Swimsuit,10,16-12-2022,4.3,Credit Card
4015,Jumpsuit,29,22-09-2023,4.7,Cash
3979,Blouse,,21-03-2023,4.3,Cash
4075,Cardigan,184,16-08-2023,2.4,Credit Card
4007,Overalls,12,27-07-2023,4,Cash
4024,Pants,40,3/8/2023,3.6,Credit Card
4000,Sun Hat,118,7/11/2022,4.3,Cash
3969,Tie,132,31-07-2023,1.8,Credit Card
4059,Boots,,11/1/2023,,Credit Card
4115,Scarf,197,23-06-2023,3,Credit Card
4066,Gloves,36,6/6/2023,1.6,Credit Card
4110,Sweater,86,9/1/2023,,Cash
4023,Poncho,,17-01-2023,2,Cash
3995,Blouse,44,25-05-2023,4.3,Cash
3979,Shorts,183,22-10-2022,1.4,Credit Card
4051,Tank Top,,7/1/2023,1.1,Credit Card
4000,Romper,12,3/3/2023,,Cash
4102,Pants,52,4/1/2023,1.7,Credit Card
3987,Pajamas,194,1/3/2023,1.3,Credit Card
3960,Camisole,48,9/3/2023,4.8,Credit Card
4091,Jeans,167,19-02-2023,2.4,Cash
4068,Tank Top,65,19-05-2023,3.8,Cash
4073,Belt,,25-02-2023,2.6,Credit Card
4083,Swimsuit,,10/7/2023,2.7,Credit Card
3987,Sweater,160,9/8/2023,2.9,Credit Card
4014,Tank Top,99,2/10/2022,1.2,Cash
4009,Skirt,90,17-02-2023,1.1,Credit Card
4005,Wallet,73,11/6/2023,1.1,Cash
4025,Slippers,31,10/5/2023,4.4,Cash
4030,Jacket,163,15-10-2022,3.2,Cash
4083,Onesie,165,17-05-2023,,Cash
4054,Loafers,186,2/7/2023,3.5,Credit Card
3990,Coat,,2/5/2023,4.9,Credit Card
4067,Jeans,87,6/12/2022,1.1,Credit Card
4009,Pants,165,25-01-2023,,Credit Card
4110,Swimsuit,110,12/3/2023,4.6,Credit Card
4012,Pants,23,4/11/2022,3.2,Cash
4029,Hoodie,71,4/10/2022,,Cash
4005,Boots,38,21-09-2023,3.9,Cash
4064,Jacket,173,30-05-2023,2.8,Cash
4003,T-shirt,145,1/5/2023,2,Credit Card
4061,Sunglasses,13,15-03-2023,1.1,Cash
3994,Tie,91,10/11/2022,4.1,Cash
3964,Pants,,9/8/2023,1.9,Cash
4031,Tunic,155,7/11/2022,1,Credit Card
4024,Hat,149,31-05-2023,4.5,Cash
4017,Onesie,130,20-08-2023,4.7,Cash
4115,Poncho,28,19-10-2022,3,Credit Card
4072,Blouse,,19-09-2023,3.8,Credit Card
4020,Poncho,,14-07-2023,4.7,Credit Card
4051,Flannel Shirt,20,2/4/2023,1.2,Cash
4106,Tank Top,111,16-11-2022,3.8,Cash
4122,Blazer,170,6/6/2023,4.6,Cash
4074,Onesie,116,22-09-2023,1.7,Credit Card
3978,Tie,112,1/2/2023,2.3,Cash
3959,Camisole,,3/9/2023,1.6,Credit Card
4077,Trousers,167,26-12-2022,1.8,Cash
3991,Bowtie,,4/7/2023,1,Cash
4039,Backpack,,1/8/2023,4.2,Cash
4058,Tank Top,,28-03-2023,4.1,Credit Card
4011,T-shirt,49,11/11/2022,,Cash
4055,Cardigan,110,16-02-2023,2.4,Cash
4065,Shorts,176,31-03-2023,4.4,Credit Card
4109,Pants,26,16-04-2023,2.8,Credit Card
4022,Sweater,121,8/1/2023,4.6,Cash
3975,Backpack,71,9/2/2023,1.6,Cash
3981,Dress,,20-10-2022,4.8,Credit Card
4099,Loafers,,7/8/2023,2.8,Cash
3972,Tunic,126,8/11/2022,3.8,Credit Card
3970,Hat,24,14-07-2023,,Cash
4042,Trench Coat,199,1/4/2023,3.8,Cash
4017,Coat,54,19-06-2023,1.4,Cash
4077,T-shirt,,2/10/2022,2.1,Cash
4047,Vest,189,27-03-2023,2.7,Credit Card
4112,Belt,,28-03-2023,,Credit Card
4110,Umbrella,98,7/7/2023,4.8,Cash
3968,Overalls,194,11/11/2022,2.6,Credit Card
3958,Sun Hat,105,19-11-2022,4.6,Credit Card
4021,Romper,,15-03-2023,1.5,Cash
4086,Sandals,78,21-05-2023,3.3,Credit Card
4115,Sunglasses,40,12/2/2023,2.8,Cash
4054,Trench Coat,17,17-02-2023,2.5,Cash
4034,Blazer,119,15-08-2023,1.3,Credit Card
4058,Romper,26,20-04-2023,1.7,Credit Card
4051,Gloves,157,9/9/2023,3.2,Credit Card
3990,Belt,137,7/4/2023,1.6,Credit Card
4100,Coat,102,6/2/2023,3.8,Cash
3967,Sneakers,,6/8/2023,,Credit Card
4105,Hoodie,52,8/9/2023,,Credit Card
4002,Flannel Shirt,75,30-11-2022,1.5,Cash
4023,Pajamas,156,23-04-2023,3.3,Credit Card
4000,Blouse,39,26-10-2022,,Credit Card
4085,Poncho,140,29-08-2023,1.5,Cash
4083,Scarf,,10/6/2023,4.4,Cash
4043,Vest,13,1/6/2023,1.8,Credit Card
4076,Flip-Flops,130,3/10/2022,2.9,Credit Card
3990,Sweater,48,27-10-2022,,Credit Card
3979,Gloves,,24-02-2023,3.5,Cash
4038,Vest,19,7/10/2022,4.2,Cash
4092,Hat,192,29-07-2023,1.5,Cash
4067,Poncho,117,4/2/2023,4.4,Credit Card
3993,Sun Hat,73,8/10/2022,,Cash
4023,Loafers,194,10/3/2023,4.9,Credit Card
3986,Jacket,29,14-03-2023,2,Cash
4037,Tank Top,40,10/3/2023,4.4,Credit Card
3968,Overalls,23,1/12/2022,1.9,Cash
3989,Onesie,,5/7/2023,1.2,Credit Card
4084,Leggings,21,20-02-2023,4.5,Cash
4028,Backpack,27,11/10/2022,1.1,Credit Card
4049,Backpack,82,6/2/2023,4.7,Credit Card
4067,Vest,89,7/8/2023,3.4,Cash
4029,Pajamas,151,1/10/2023,4,Cash
4024,Coat,104,8/7/2023,3.5,Credit Card
4113,Sweater,154,17-12-2022,4.6,Cash
4024,Swimsuit,199,1/1/2023,4,Cash
4089,Backpack,128,12/11/2022,3.4,Credit Card
4037,Belt,136,5/7/2023,4.1,Cash
4068,Socks,60,14-10-2022,1.1,Credit Card
3999,Sneakers,149,15-09-2023,,Credit Card
4037,Skirt,72,17-01-2023,,Credit Card
4082,Skirt,,30-07-2023,1.6,Credit Card
3995,Jacket,16,15-04-2023,2.5,Credit Card
4099,Swimsuit,98,21-04-2023,2.9,Credit Card
4119,Loafers,187,23-12-2022,4.7,Credit Card
4069,Jumpsuit,95,22-10-2022,3.1,Cash
3970,Trousers,,1/2/2023,2.2,Credit Card
4005,Jeans,198,22-06-2023,3,Credit Card
3995,Boots,36,10/4/2023,4.5,Credit Card
3970,Cardigan,70,7/7/2023,3.8,Credit Card
4015,Coat,25,12/7/2023,3.4,Credit Card
4003,Polo Shirt,46,24-04-2023,3.3,Credit Card
3966,Skirt,33,17-09-2023,1.4,Credit Card
4077,Jacket,,21-02-2023,2.4,Credit Card
4023,Scarf,143,19-08-2023,3.5,Credit Card
3998,Loafers,105,22-09-2023,2.1,Cash
4076,T-shirt,31,12/10/2022,2.2,Cash
4068,Tunic,139,4/9/2023,2.3,Credit Card
3986,Blazer,,17-05-2023,4.6,Cash
4083,Socks,29,2/7/2023,2.4,Credit Card
3967,Sun Hat,25,5/7/2023,4.3,Cash
4070,Socks,43,8/10/2022,2.6,Cash
4048,Handbag,76,18-12-2022,2.7,Cash
4100,Dress,110,20-04-2023,4.1,Cash
4081,Boots,198,15-03-2023,1.6,Cash
4074,Sneakers,125,21-12-2022,2.2,Credit Card
4083,Hoodie,29,9/8/2023,2.4,Credit Card
3985,Sunglasses,44,24-09-2023,2.3,Credit Card
3994,Sunglasses,159,24-03-2023,3.3,Cash
3988,Dress,,17-11-2022,3.9,Cash
4046,Sunglasses,,15-04-2023,3.6,Credit Card
3980,Onesie,90,23-02-2023,4.2,Cash
4009,Dress,147,21-09-2023,1.7,Cash
4029,Sweater,63,13-05-2023,3,Cash
4003,Leggings,128,30-09-2023,2.9,Credit Card
4000,Hoodie,40,5/8/2023,3.3,Credit Card
4087,Blazer,,15-01-2023,1.6,Credit Card
4026,T-shirt,87,14-01-2023,2,Cash
4101,Raincoat,188,31-01-2023,4.3,Credit Card
4106,Tunic,65,26-03-2023,1,Cash
4011,Cardigan,93,3/5/2023,4.7,Cash
4106,Vest,,8/12/2022,2.8,Cash
3958,Trench Coat,101,12/1/2023,3.3,Credit Card
4091,Socks,22,30-10-2022,3.3,Cash
4103,Leggings,76,7/1/2023,1.2,Cash
4003,Tunic,54,7/8/2023,4.9,Cash
4063,Vest,,29-05-2023,2.9,Cash
3976,Camisole,125,4/3/2023,1.5,Cash
4020,Raincoat,150,13-02-2023,2.4,Cash
4084,Blouse,128,12/10/2022,1.2,Cash
3981,Tank Top,,16-06-2023,2.1,Credit Card
4041,Umbrella,41,18-06-2023,2.1,Cash
3963,Skirt,,29-10-2022,4.7,Credit Card
4029,Trousers,66,11/5/2023,1.8,Credit Card
3988,Tie,,8/6/2023,3.3,Cash
4057,Poncho,105,23-10-2022,,Credit Card
4052,Trench Coat,175,17-06-2023,3.5,Credit Card
4108,Skirt,,7/8/2023,2.7,Credit Card
3984,Trench Coat,29,14-07-2023,3.5,Cash
4039,Jumpsuit,,6/6/2023,2.1,Credit Card
3996,Pants,,23-10-2022,4.4,Credit Card
3964,Jeans,123,3/8/2023,3.2,Credit Card
3977,Slippers,33,27-12-2022,1.9,Credit Card
4074,Pajamas,94,23-10-2022,4.3,Credit Card
4079,Onesie,,14-09-2023,3.5,Credit Card
4073,Slippers,22,1/12/2022,1.4,Cash
4117,Dress,,4/8/2023,4.9,Credit Card
4025,Cardigan,195,25-09-2023,2.9,Credit Card
4109,Coat,17,12/8/2023,,Cash
3958,Pants,119,18-11-2022,1.9,Credit Card
4041,Umbrella,,5/7/2023,1.7,Cash
3968,Overalls,57,21-09-2023,1.9,Credit Card
4116,Hoodie,124,20-08-2023,2,Credit Card
4072,Handbag,18,23-02-2023,3.3,Cash
4040,Hoodie,167,23-01-2023,2.5,Cash
4102,Romper,85,11/11/2022,1.4,Credit Card
3990,Gloves,150,18-11-2022,,Credit Card
4011,Scarf,32,12/1/2023,2.8,Cash
3969,Umbrella,45,15-09-2023,2.5,Cash
4121,Backpack,174,15-12-2022,2.5,Credit Card
4029,Pants,144,19-04-2023,2.1,Cash
4039,Jumpsuit,149,13-04-2023,3,Cash
3971,Romper,107,22-11-2022,3.1,Credit Card
3975,Coat,101,20-11-2022,3,Credit Card
4097,Trench Coat,134,22-03-2023,4.4,Credit Card
4111,Flannel Shirt,154,4/7/2023,2.5,Credit Card
4054,Camisole,109,20-02-2023,3.4,Credit Card
3980,Loafers,16,12/7/2023,2.5,Credit Card
4059,Backpack,66,24-03-2023,1.8,Credit Card
4022,Flannel Shirt,,16-07-2023,2.6,Cash
4002,Jumpsuit,81,26-10-2022,2.2,Cash
4018,Trousers,,26-03-2023,3.4,Cash
4059,Bowtie,145,24-12-2022,1.1,Credit Card
3979,Blouse,159,24-04-2023,2,Credit Card
3962,Trousers,50,2/2/2023,2.8,Credit Card
4010,Cardigan,,5/1/2023,2.6,Credit Card
3998,Swimsuit,78,3/9/2023,2.5,Credit Card
4056,Flip-Flops,198,2/12/2022,3.9,Cash
4060,Belt,,28-11-2022,1.4,Credit Card
4029,Dress,66,2/8/2023,1.9,Credit Card
4122,Romper,109,2/9/2023,5,Cash
3996,Jumpsuit,54,26-04-2023,1.7,Credit Card
3987,Umbrella,,18-10-2022,3.6,Cash
4033,Pajamas,198,2/3/2023,4.2,Credit Card
4082,Boots,161,22-05-2023,4.9,Credit Card
4067,Scarf,,17-09-2023,4,Credit Card
4036,Flip-Flops,155,11/9/2023,,Cash
4111,Loafers,154,22-12-2022,1.4,Credit Card
3990,Jacket,136,16-12-2022,1.2,Cash
4048,Pants,54,11/10/2022,,Credit Card
3981,Sunglasses,33,11/3/2023,2.8,Cash
4051,Handbag,,25-01-2023,4.4,Credit Card
4088,Kimono,15,5/8/2023,4.7,Credit Card
4008,Skirt,10,30-05-2023,2.2,Credit Card
4082,T-shirt,167,14-09-2023,1.9,Cash
4071,Pants,43,5/10/2022,,Credit Card
4056,Jumpsuit,55,2/6/2023,,Cash
4078,Blazer,92,3/6/2023,4.1,Credit Card
4025,Sun Hat,,18-02-2023,4.8,Credit Card
4101,Hoodie,,6/4/2023,3.2,Credit Card
4110,Kimono,46,1/10/2023,4.6,Cash
4065,Skirt,144,21-02-2023,4.2,Cash
3980,Overalls,28,2/3/2023,3.9,Cash
4065,Leggings,179,4/6/2023,,Credit Card
4051,Coat,35,24-09-2023,4.3,Cash
4114,Cardigan,92,31-10-2022,1.5,Cash
4004,Coat,,1/7/2023,4,Credit Card
4068,Jacket,,14-09-2023,1.6,Credit Card
4118,Sneakers,173,14-09-2023,2,Credit Card
4066,Sunglasses,176,11/12/2022,,Credit Card
3980,Swimsuit,191,25-08-2023,4.1,Cash
3967,Raincoat,187,10/1/2023,1.1,Credit Card
4088,Hoodie,167,11/11/2022,1.2,Credit Card
4044,Jacket,67,17-05-2023,1.2,Cash
4075,Hat,54,3/11/2022,1.5,Cash
4014,Romper,197,27-02-2023,4.3,Credit Card
4122,Jumpsuit,42,19-04-2023,2.1,Cash
3996,Overalls,,8/11/2022,1.7,Credit Card
4083,Sandals,,14-08-2023,2,Cash
4091,Onesie,156,22-07-2023,4,Credit Card
4118,Sandals,155,24-03-2023,,Cash
4122,Tunic,,3/2/2023,1,Cash
4091,Bowtie,166,24-07-2023,4.2,Credit Card
3978,Backpack,154,18-02-2023,2.6,Credit Card
4031,Blouse,,5/5/2023,2.6,Cash
4076,Shorts,94,7/6/2023,4.8,Cash
4068,Sunglasses,70,18-04-2023,2.4,Credit Card
3977,Kimono,91,28-04-2023,3.9,Credit Card
4079,Dress,,8/12/2022,4,Credit Card
4033,Swimsuit,32,28-04-2023,2.6,Credit Card
3995,Cardigan,181,2/1/2023,3,Credit Card
3989,Vest,95,6/2/2023,1.8,Credit Card
4033,Tie,77,18-03-2023,2.5,Credit Card
4020,Flip-Flops,187,26-09-2023,3.4,Credit Card
4090,Umbrella,,24-07-2023,2.5,Credit Card
4066,Blouse,37,12/4/2023,2.3,Credit Card
4032,Bowtie,22,3/10/2022,1.1,Credit Card
4102,Swimsuit,197,6/4/2023,3.6,Cash
3969,Trench Coat,52,28-01-2023,4.5,Credit Card
4098,Flip-Flops,136,8/10/2022,4,Cash
3976,Leggings,99,11/12/2022,2.2,Credit Card
3968,Swimsuit,35,16-04-2023,1.1,Cash
4088,Hoodie,157,8/11/2022,2.8,Cash
3984,Umbrella,185,2/7/2023,2.9,Credit Card
4087,Tie,125,5/3/2023,4.5,Cash
4065,Trench Coat,,10/10/2022,2.7,Cash
4062,Bowtie,85,7/12/2022,,Cash
3981,Sandals,,11/4/2023,4.6,Cash
4075,Umbrella,36,7/6/2023,2.2,Credit Card
4102,Dress,,13-07-2023,,Credit Card
4021,Flip-Flops,,19-05-2023,2.5,Cash
4047,Backpack,197,5/10/2022,2.7,Cash
4022,Sweater,,20-01-2023,2.4,Credit Card
4106,Poncho,33,18-04-2023,2.9,Credit Card
3977,Boots,167,23-06-2023,4.5,Credit Card
4085,Tank Top,190,25-04-2023,2.4,Cash
3961,Sun Hat,,26-10-2022,4.7,Credit Card
3986,T-shirt,52,20-03-2023,5,Credit Card
4075,Pants,121,28-10-2022,3.8,Credit Card
4002,Skirt,,21-04-2023,1.1,Cash
4003,Cardigan,,31-01-2023,3.1,Cash
4057,Pajamas,58,23-10-2022,,Cash
3968,Coat,151,22-04-2023,4.2,Credit Card
3978,Sunglasses,196,22-04-2023,3.5,Cash
4063,Vest,179,1/2/2023,1.2,Credit Card
4033,Jacket,70,12/5/2023,1.5,Cash
4037,Gloves,,6/10/2022,3,Cash
4107,Pajamas,150,9/4/2023,1.1,Credit Card
4073,Overalls,49,24-10-2022,3.9,Cash
4072,Wallet,,7/12/2022,1.3,Cash
4116,Hoodie,,30-06-2023,4.7,Cash
4024,Raincoat,,26-08-2023,3.6,Credit Card
4044,Overalls,170,15-11-2022,3.9,Credit Card
4004,Overalls,61,29-08-2023,1.6,Credit Card
4011,Backpack,,22-08-2023,1.4,Cash
4004,Polo Shirt,173,9/5/2023,2.6,Cash
3977,Overalls,30,15-02-2023,,Cash
4111,Skirt,39,6/10/2022,4.8,Cash
4023,Hoodie,111,17-08-2023,3.3,Cash
3984,Hat,179,8/7/2023,4.3,Credit Card
4068,Camisole,174,29-07-2023,3.2,Cash
4093,Skirt,57,2/12/2022,4.7,Credit Card
3961,Vest,107,7/10/2022,,Credit Card
3958,Jumpsuit,124,20-01-2023,,Cash
4058,Belt,,29-07-2023,2.1,Cash
3986,Socks,77,24-10-2022,1.3,Credit Card
3960,Vest,78,1/8/2023,4.9,Cash
4000,Trousers,48,1/12/2022,3,Credit Card
4079,Jacket,180,25-12-2022,,Cash
4074,Leggings,,1/11/2022,4.6,Cash
4060,Trousers,148,31-01-2023,4.9,Credit Card
4111,Loafers,160,25-08-2023,4.8,Cash
4081,Kimono,25,16-10-2022,3.2,Cash
4034,Scarf,143,14-12-2022,4.3,Credit Card
4115,Tank Top,147,6/4/2023,3.7,Cash
4114,Poncho,131,10/12/2022,3.7,Cash
4049,Onesie,70,13-10-2022,3.4,Credit Card
4058,Shorts,30,9/8/2023,4.2,Credit Card
4034,Sneakers,192,13-02-2023,2,Cash
3979,Overalls,,24-03-2023,2.7,Cash
3989,Dress,142,21-12-2022,4.8,Cash
3991,Polo Shirt,183,19-09-2023,4.9,Credit Card
3960,Pants,47,12/1/2023,1.2,Cash
4005,Onesie,,25-05-2023,4.2,Cash
3985,Pants,54,9/4/2023,4.3,Cash
3961,Handbag,52,20-07-2023,4.4,Credit Card
4005,Scarf,59,29-05-2023,4.8,Cash
3963,Leggings,,23-09-2023,1.6,Cash
4010,Sunglasses,184,3/8/2023,,Cash
4080,Dress,170,7/4/2023,2.5,Credit Card
3994,Loafers,,28-01-2023,2.7,Credit Card
4018,Jumpsuit,91,28-11-2022,1.3,Cash
4068,Pajamas,27,23-07-2023,2.9,Cash
4117,Sweater,,30-08-2023,1.3,Cash
4094,Swimsuit,151,5/1/2023,4.6,Cash
4005,Belt,80,20-04-2023,4.3,Cash
3979,Onesie,13,23-10-2022,2.9,Cash
4034,Scarf,169,27-10-2022,,Cash
4075,Sweater,117,17-08-2023,1.5,Cash
3994,Scarf,,2/7/2023,4.5,Credit Card
4078,Jeans,,10/5/2023,4.8,Credit Card
4065,Tunic,159,24-10-2022,2.6,Cash
3962,Umbrella,35,9/12/2022,2.1,Credit Card
3986,Belt,154,27-05-2023,1.7,Cash
3999,Sneakers,83,29-03-2023,2.3,Cash
3996,Sandals,98,11/6/2023,1.3,Credit Card
4070,Handbag,77,2/3/2023,,Cash
4081,Hat,134,5/9/2023,1,Cash
4077,Hoodie,131,15-03-2023,3,Cash
3962,Pants,,10/2/2023,,Credit Card
4072,Jacket,46,18-02-2023,4.2,Cash
4106,Sneakers,184,20-08-2023,5,Credit Card
4019,Vest,19,31-07-2023,,Cash
4008,Hoodie,94,11/12/2022,1.5,Cash
4032,Blazer,22,24-10-2022,2.5,Credit Card
4102,Romper,78,14-03-2023,4.3,Cash
4057,Bowtie,15,25-02-2023,3.3,Cash
3970,Tie,87,14-07-2023,,Cash
4042,Flannel Shirt,135,7/8/2023,2.3,Credit Card
3959,Scarf,185,23-02-2023,,Credit Card
3983,Wallet,,22-09-2023,5,Cash
4118,Sandals,44,25-02-2023,4.3,Credit Card
4067,Hat,200,19-03-2023,1.7,Cash
4063,Sweater,92,25-01-2023,5,Credit Card
4083,Hoodie,116,22-06-2023,3.4,Credit Card
4105,Belt,32,17-11-2022,3.1,Credit Card
4109,Trousers,,4/12/2022,2.1,Credit Card
4098,Tunic,114,14-07-2023,,Cash
4031,Blazer,142,10/10/2022,2,Credit Card
3966,Coat,24,20-08-2023,3.8,Cash
4081,Socks,50,16-07-2023,,Credit Card
4059,Raincoat,,2/12/2022,3.8,Cash
4081,Tie,113,9/7/2023,,Cash
4088,Onesie,,2/8/2023,3.7,Cash
4108,Onesie,155,19-04-2023,4.2,Credit Card
4113,Polo Shirt,,29-03-2023,3,Credit Card
4081,Tank Top,,20-08-2023,3.8,Credit Card
4016,Coat,24,30-03-2023,4.2,Cash
3972,Tank Top,126,30-06-2023,4.9,Cash
4092,Belt,,18-01-2023,2.3,Cash
3961,Raincoat,60,24-02-2023,1.6,Credit Card
4065,Tank Top,128,23-02-2023,1.3,Credit Card
4104,Sunglasses,172,20-03-2023,1.5,Credit Card
4037,Pajamas,184,23-04-2023,2.8,Credit Card
4098,T-shirt,,27-04-2023,1.3,Credit Card
3973,Sun Hat,162,21-12-2022,3.8,Cash
4025,Loafers,131,26-12-2022,3.9,Cash
4122,Socks,99,3/8/2023,1.5,Cash
4063,Jacket,76,18-09-2023,4.8,Credit Card
4078,Camisole,186,9/4/2023,3.4,Cash
3986,Wallet,,17-12-2022,1.8,Cash
4083,Slippers,,4/12/2022,1.1,Credit Card
4116,Flip-Flops,,11/6/2023,1.8,Cash
4122,Pants,64,13-08-2023,,Cash
4045,Leggings,175,12/6/2023,,Credit Card
4071,Wallet,62,28-10-2022,2,Credit Card
4068,Camisole,114,12/3/2023,3,Credit Card
3962,Poncho,184,25-09-2023,2.6,Cash
3998,Poncho,,28-04-2023,2.3,Cash
4030,Camisole,175,14-04-2023,2.3,Credit Card
4006,Leggings,,8/10/2022,2.7,Credit Card
4077,T-shirt,67,30-01-2023,4.7,Credit Card
4045,Pants,88,29-04-2023,3.8,Credit Card
4069,Overalls,191,23-11-2022,,Credit Card
4016,Pants,118,5/5/2023,4.8,Cash
4086,Kimono,99,12/12/2022,2.9,Cash
4013,Leggings,65,9/3/2023,1.6,Cash
4107,Shorts,183,6/7/2023,2,Credit Card
4043,Umbrella,169,6/5/2023,4.8,Cash
4111,Tie,36,17-10-2022,3.9,Credit Card
4076,Sandals,,19-05-2023,4.1,Credit Card
3990,Flannel Shirt,105,7/10/2022,3.8,Cash
4032,Camisole,162,2/3/2023,2.5,Cash
4056,T-shirt,86,19-05-2023,,Cash
4063,Bowtie,133,25-08-2023,4.3,Credit Card
4049,Blouse,,19-12-2022,1.8,Cash
4077,Handbag,173,5/5/2023,3.6,Credit Card
3998,Bowtie,80,27-04-2023,3,Cash
4116,Handbag,192,10/10/2022,4.6,Cash
4010,Slippers,176,8/12/2022,3.4,Cash
4029,Skirt,48,10/1/2023,2.7,Cash
3979,Dress,71,31-03-2023,4.2,Credit Card
4080,Scarf,163,3/11/2022,3.9,Cash
3990,Poncho,91,7/4/2023,3.2,Credit Card
4001,Socks,194,17-06-2023,1.2,Credit Card
4008,Tie,,6/4/2023,2.6,Cash
3997,Tank Top,85,15-10-2022,4.2,Credit Card
4112,Polo Shirt,117,7/11/2022,4.5,Cash
4082,Jumpsuit,198,11/4/2023,4.7,Credit Card
3982,Coat,,11/1/2023,1.9,Credit Card
4063,Loafers,156,15-09-2023,3.4,Credit Card
4083,Pajamas,97,4/10/2022,2.2,Credit Card
4034,Scarf,66,5/11/2022,1.2,Cash
4017,Raincoat,173,15-05-2023,4.6,Cash
4010,Scarf,181,27-01-2023,2.1,Credit Card
4099,Socks,86,14-09-2023,1.2,Credit Card
3969,Umbrella,178,23-08-2023,2.8,Credit Card
3961,Sunglasses,56,17-11-2022,2.7,Cash
4048,T-shirt,130,6/5/2023,4.2,Cash
4023,Swimsuit,,13-06-2023,4.3,Cash
4048,Swimsuit,153,19-11-2022,2.7,Cash
3997,Jeans,56,12/3/2023,4.8,Credit Card
4001,Blazer,95,6/5/2023,3.6,Credit Card
4085,Blazer,66,29-10-2022,3.4,Cash
3965,Trench Coat,200,28-03-2023,,Cash
3973,Shorts,117,28-06-2023,1.9,Cash
4043,Tank Top,94,15-05-2023,2.2,Cash
4067,Kimono,159,21-07-2023,1.9,Cash
3986,Backpack,40,2/11/2022,3.2,Cash
4115,Overalls,172,11/4/2023,3.2,Cash
4015,Tie,168,7/12/2022,3.7,Credit Card
3987,Tie,,1/1/2023,,Cash
4100,Raincoat,138,9/2/2023,4.8,Credit Card
4014,Raincoat,,5/3/2023,,Cash
4081,Polo Shirt,145,9/11/2022,4,Credit Card
4023,Belt,23,17-01-2023,3.6,Credit Card
4044,Flannel Shirt,48,4/2/2023,2.7,Credit Card
4047,Tunic,,31-07-2023,1.8,Cash
3968,Trousers,114,18-03-2023,1.4,Cash
4099,Shorts,127,8/3/2023,2.2,Cash
4025,Hat,,16-05-2023,3.2,Cash
3995,Overalls,56,19-07-2023,,Credit Card
4088,Belt,134,14-02-2023,4.5,Cash
4111,Swimsuit,55,30-10-2022,1,Cash
3983,Hat,24,30-09-2023,4.1,Credit Card
3969,Sun Hat,,12/4/2023,4.8,Credit Card
4069,Loafers,53,14-02-2023,1.5,Credit Card
4074,Coat,50,7/4/2023,1.5,Credit Card
3985,Polo Shirt,32,19-01-2023,4.1,Credit Card
3984,Belt,,20-11-2022,1.5,Cash
4113,Pajamas,119,15-09-2023,2.1,Credit Card
4113,Cardigan,132,14-03-2023,,Credit Card
3983,Wallet,19,22-09-2023,2.4,Cash
4100,Tank Top,197,29-05-2023,1.8,Cash
3967,Umbrella,13,27-07-2023,3.9,Credit Card
4086,Belt,145,29-10-2022,3.5,Cash
3983,Handbag,,14-03-2023,4.1,Cash
3999,Cardigan,170,25-05-2023,1.6,Cash
4118,Tank Top,67,4/12/2022,3.1,Cash
3987,Flip-Flops,98,22-07-2023,1.8,Cash
4009,Skirt,36,11/11/2022,4,Cash
4049,Hoodie,160,27-08-2023,2.4,Cash
3997,Skirt,26,27-06-2023,4,Cash
4031,Hoodie,86,24-08-2023,3,Cash
4070,Backpack,126,23-07-2023,1.8,Credit Card
4086,Jeans,162,1/7/2023,3.5,Cash
4084,Flip-Flops,121,23-04-2023,4,Cash
3982,Tie,44,12/5/2023,,Credit Card
3996,Skirt,135,4/3/2023,1.9,Credit Card
4122,Kimono,58,27-04-2023,4.7,Credit Card
4050,Poncho,,26-07-2023,4.1,Credit Card
4042,Tunic,113,19-01-2023,3.6,Cash
3992,Flip-Flops,,9/5/2023,1.2,Credit Card
3988,Polo Shirt,43,20-03-2023,1,Cash
4008,Skirt,15,18-04-2023,5,Credit Card
4069,Handbag,53,4/12/2022,3.6,Credit Card
4063,Bowtie,,12/7/2023,4.4,Cash
3958,Trench Coat,19,30-01-2023,4.4,Cash
4019,Slippers,173,9/1/2023,,Cash
4078,Dress,146,16-03-2023,3.4,Credit Card
4044,Wallet,162,8/8/2023,1.5,Credit Card
4030,Cardigan,179,12/6/2023,3,Credit Card
4086,Tie,,14-02-2023,3.9,Credit Card
4000,Scarf,22,19-08-2023,3.5,Credit Card
3978,Gloves,116,10/9/2023,,Credit Card
4025,Jumpsuit,41,15-07-2023,2.3,Cash
4052,Overalls,131,25-05-2023,4.3,Credit Card
4063,Sun Hat,62,22-04-2023,4.4,Credit Card
4049,Pajamas,171,9/7/2023,,Credit Card
4118,Shorts,,5/10/2022,4.9,Credit Card
4019,Socks,35,11/4/2023,2,Cash
3995,Onesie,79,18-09-2023,1.6,Credit Card
4092,Shorts,189,29-05-2023,2.6,Credit Card
4064,Raincoat,,27-10-2022,,Cash
4015,Overalls,36,5/1/2023,1.3,Cash
3992,Tie,168,3/2/2023,2.2,Credit Card
4066,Backpack,,22-09-2023,,Cash
4062,Romper,,3/6/2023,2.3,Cash
4061,Poncho,,1/6/2023,4.5,Credit Card
4074,Vest,,16-11-2022,3.4,Cash
4089,T-shirt,,6/7/2023,2.5,Cash
4049,Swimsuit,143,14-02-2023,,Cash
3964,Gloves,101,4/2/2023,2.3,Cash
4070,Trench Coat,85,5/10/2022,1.7,Credit Card
3994,Cardigan,,26-08-2023,4.2,Credit Card
3959,Sneakers,63,22-11-2022,2.1,Cash
4089,Wallet,133,17-07-2023,3.2,Credit Card
3974,Sandals,10,5/1/2023,4.4,Cash
3978,Blazer,,24-12-2022,3.2,Credit Card
4043,Tie,,15-10-2022,3.8,Cash
4037,Umbrella,,6/8/2023,3.2,Credit Card
4059,Boots,136,4/4/2023,4.6,Cash
3999,T-shirt,,11/5/2023,1.2,Credit Card
4068,Tie,,9/6/2023,2.7,Cash
3972,Dress,195,2/2/2023,2.1,Cash
4057,T-shirt,75,21-01-2023,,Cash
3966,Jeans,126,7/1/2023,,Credit Card
4121,Pants,85,14-12-2022,3.4,Cash
3995,Swimsuit,22,20-09-2023,2.9,Credit Card
4104,Flannel Shirt,,28-09-2023,2.4,Credit Card
3971,Poncho,,7/8/2023,2.1,Cash
4118,Loafers,,24-09-2023,3.2,Credit Card
4090,Leggings,183,4/6/2023,1.3,Credit Card
4032,Trousers,199,18-01-2023,3.6,Cash
4064,Coat,,16-09-2023,4.5,Cash
4059,Sunglasses,21,9/12/2022,1.1,Credit Card
4098,Belt,,17-01-2023,3.8,Cash
4034,Boots,,18-07-2023,4.8,Cash
4037,Sun Hat,94,27-04-2023,3,Cash
4045,Vest,122,27-02-2023,1,Cash
3959,Socks,78,11/2/2023,2.1,Cash
4028,Flip-Flops,33,22-10-2022,4.1,Cash
4092,Backpack,97,5/1/2023,3.2,Credit Card
4113,Vest,,16-07-2023,,Cash
3994,Sweater,126,9/12/2022,3.7,Credit Card
4060,Sunglasses,108,15-03-2023,3.1,Cash
4071,Belt,132,1/2/2023,2.6,Credit Card
4121,Blouse,176,24-12-2022,4.6,Cash
4009,Handbag,52,22-04-2023,2,Cash
4096,Pajamas,,25-05-2023,1.5,Cash
4116,Camisole,25,12/4/2023,3.6,Credit Card
4115,Hat,50,14-08-2023,4.9,Cash
4070,Vest,,1/8/2023,1.8,Credit Card
4045,Leggings,133,1/9/2023,1.5,Cash
4060,Flannel Shirt,183,5/1/2023,3.6,Cash
4007,Coat,166,11/2/2023,3.7,Cash
4034,Belt,101,25-12-2022,1.2,Credit Card
3978,Gloves,185,14-05-2023,4,Cash
3966,Skirt,196,1/6/2023,3.7,Cash
4094,Romper,43,31-01-2023,1.9,Credit Card
4042,Blouse,134,16-08-2023,3.3,Credit Card
4056,Trench Coat,,30-09-2023,3.9,Cash
3989,Shorts,21,22-12-2022,1.1,Credit Card
4090,Handbag,,24-01-2023,1.8,Cash
4095,Sunglasses,13,2/7/2023,3.9,Credit Card
4029,Vest,183,24-03-2023,4.5,Credit Card
4011,Tunic,200,31-08-2023,2.6,Credit Card
3980,Handbag,154,13-12-2022,3.7,Credit Card
4087,Sandals,181,25-10-2022,1.8,Credit Card
4098,Sun Hat,142,10/12/2022,1.8,Cash
4036,Coat,189,1/2/2023,4.5,Credit Card
4090,Leggings,120,18-09-2023,3.6,Credit Card
4044,Scarf,73,3/1/2023,4.8,Credit Card
4119,Hoodie,179,13-10-2022,2,Credit Card
3997,Hoodie,108,23-07-2023,1.6,Credit Card
3962,Jeans,,19-11-2022,4.3,Cash
3964,Belt,166,7/2/2023,3.1,Credit Card
4095,T-shirt,,19-09-2023,1.4,Cash
4108,Handbag,50,2/10/2022,2.1,Credit Card
4023,Jumpsuit,130,4/11/2022,4.1,Credit Card
4018,Slippers,52,6/5/2023,4.1,Cash
4034,Pants,,13-08-2023,,Credit Card
4065,Jeans,71,6/1/2023,2.2,Cash
4086,Flip-Flops,81,26-01-2023,1.8,Cash
3985,Romper,,30-12-2022,4.4,Credit Card
3972,Polo Shirt,174,23-06-2023,2.1,Credit Card
4052,Hoodie,70,21-02-2023,2.8,Cash
4023,Sunglasses,,1/3/2023,4.1,Cash
4117,Pajamas,156,11/12/2022,2.5,Credit Card
4086,Jeans,137,18-01-2023,3.2,Cash
4047,Poncho,40,3/3/2023,1.6,Credit Card
3988,Camisole,200,12/6/2023,2.5,Cash
3969,Blouse,36,4/9/2023,1.4,Credit Card
3988,Overalls,19,7/11/2022,3.1,Credit Card
4071,Handbag,10,7/8/2023,2.6,Cash
4033,Handbag,164,31-07-2023,,Cash
4103,Jumpsuit,173,27-06-2023,1.4,Cash
3958,Raincoat,140,17-12-2022,2,Cash
4073,Hat,177,9/8/2023,4.8,Credit Card
4043,Boots,97,6/10/2022,4.4,Cash
4017,Backpack,23,11/9/2023,4.7,Credit Card
4105,Gloves,126,6/6/2023,3.5,Cash
4101,Blazer,168,20-03-2023,1,Credit Card
4117,Socks,193,15-03-2023,2.3,Credit Card
4093,Polo Shirt,193,14-11-2022,3.2,Credit Card
4109,Boots,34,19-03-2023,1,Cash
4016,Camisole,66,16-02-2023,1.4,Cash
4046,Jumpsuit,,20-09-2023,4.1,Cash
4033,Pajamas,172,26-03-2023,4.2,Credit Card
4029,Jumpsuit,84,5/12/2022,3.5,Cash
4103,Sandals,105,19-04-2023,4.8,Cash
3992,Wallet,21,31-10-2022,2.4,Cash
4053,Sweater,136,16-05-2023,3.5,Cash
4090,Sneakers,,16-03-2023,2.3,Credit Card
4020,Hoodie,194,13-05-2023,2.4,Cash
3983,Pants,75,20-07-2023,3.1,Cash
4040,Handbag,58,20-09-2023,2.7,Cash
4089,Jeans,,9/8/2023,3.8,Credit Card
4106,Handbag,65,16-08-2023,4.6,Cash
4006,Slippers,58,6/11/2022,4.5,Credit Card
4049,Skirt,37,13-01-2023,2.6,Cash
4073,Shorts,21,11/7/2023,1.3,Credit Card
3982,Overalls,182,23-01-2023,4.9,Credit Card
3994,Loafers,125,4/12/2022,1.5,Cash
4065,Shorts,160,17-10-2022,1.9,Credit Card
4062,Skirt,44,3/10/2022,,Cash
3977,Pants,11,21-04-2023,4.7,Cash
3980,Cardigan,22,24-02-2023,5,Cash
3972,Sandals,120,4/2/2023,4.6,Cash
4065,Hat,133,19-01-2023,1.4,Cash
3990,Hoodie,55,11/9/2023,3.4,Credit Card
4078,Jacket,54,20-12-2022,,Credit Card
4011,Kimono,42,4/1/2023,3.4,Credit Card
4071,Swimsuit,,11/5/2023,4.8,Credit Card
3976,Scarf,165,18-08-2023,2.9,Credit Card
4051,Vest,139,18-12-2022,1.7,Cash
4091,Skirt,117,6/12/2022,3.9,Cash
4060,Kimono,187,11/6/2023,3,Credit Card
4107,Jeans,80,20-05-2023,4.2,Credit Card
4100,Tie,97,29-05-2023,1.4,Credit Card
4089,Jacket,125,29-05-2023,1.9,Cash
4058,Kimono,45,21-01-2023,1,Credit Card
4024,Handbag,189,14-01-2023,4.7,Credit Card
4106,Jacket,141,9/11/2022,3.2,Credit Card
4084,Scarf,189,2/5/2023,4,Cash
4119,Umbrella,90,18-06-2023,3.3,Cash
4065,Tie,151,25-09-2023,1.8,Cash
4069,Pajamas,61,19-10-2022,1.9,Credit Card
4082,Leggings,192,23-04-2023,,Cash
4063,Handbag,98,25-04-2023,4.3,Cash
3998,Bowtie,43,3/3/2023,2.2,Cash
3993,Coat,176,3/6/2023,,Cash
4086,Hat,55,16-10-2022,3.5,Cash
3989,Blazer,187,16-05-2023,,Cash
4081,T-shirt,191,3/10/2022,3.9,Cash
4074,Hat,,16-01-2023,4,Credit Card
3990,Wallet,132,14-07-2023,4.3,Cash
4088,Sunglasses,180,5/4/2023,3.8,Cash
4092,Handbag,182,28-10-2022,1.6,Cash
3987,Loafers,146,31-01-2023,1.7,Cash
4011,Dress,118,13-04-2023,,Credit Card
4073,Shorts,143,19-10-2022,4.4,Credit Card
4078,Trousers,,22-03-2023,1.3,Credit Card
3965,Raincoat,23,12/8/2023,1.3,Credit Card
3997,Onesie,61,11/3/2023,2.7,Credit Card
4100,Flip-Flops,51,27-12-2022,1.7,Credit Card
4051,Loafers,184,17-08-2023,3.9,Cash
3987,Polo Shirt,25,16-06-2023,3.1,Cash
4111,T-shirt,85,6/3/2023,3.4,Credit Card
4061,Coat,148,10/12/2022,3.3,Credit Card
3985,Flannel Shirt,,20-08-2023,2.8,Cash
3987,Poncho,36,26-02-2023,3.4,Credit Card
4051,Sandals,182,14-11-2022,1.9,Cash
4103,Shorts,67,21-10-2022,1.7,Credit Card
4031,Socks,153,25-08-2023,2.8,Cash
3967,Loafers,140,1/6/2023,3.4,Credit Card
4090,Jeans,188,29-09-2023,4.2,Cash
3996,Polo Shirt,180,3/3/2023,1.8,Cash
3987,Jeans,,29-10-2022,4.1,Cash
4052,Flannel Shirt,116,8/12/2022,1.4,Cash
4035,Trench Coat,185,12/6/2023,4.2,Credit Card
4052,Tunic,151,17-02-2023,1.2,Cash
4034,Pants,,11/10/2022,3.1,Credit Card
4032,Scarf,61,12/9/2023,3.2,Cash
4081,Swimsuit,123,29-08-2023,3.6,Cash
3964,Shorts,172,12/5/2023,4.3,Credit Card
3993,Scarf,175,1/6/2023,,Cash
3993,Jeans,160,7/4/2023,4.5,Credit Card
4107,Leggings,164,18-06-2023,2,Credit Card
4064,Blouse,,26-12-2022,,Credit Card
3969,Gloves,59,9/5/2023,3.2,Credit Card
4035,Hoodie,55,22-05-2023,,Credit Card
4029,Camisole,29,5/5/2023,1.3,Credit Card
4012,Tank Top,,11/12/2022,1.4,Cash
4003,Blouse,,10/4/2023,3.2,Cash
4082,Sneakers,106,20-07-2023,1.2,Credit Card
3957,Sneakers,,3/10/2022,4.4,Credit Card
3988,Onesie,77,10/5/2023,4.2,Credit Card
4097,Socks,,22-12-2022,1.4,Cash
4046,Hoodie,75,9/10/2022,2.8,Credit Card
3974,Raincoat,,22-10-2022,3.5,Cash
3968,Romper,49,4/2/2023,,Cash
4063,Sun Hat,,28-09-2023,2.8,Credit Card
4080,Backpack,162,27-04-2023,5,Credit Card
4103,Cardigan,,7/1/2023,1.1,Credit Card
4036,Overalls,167,19-06-2023,,Credit Card
4101,Poncho,87,6/9/2023,,Cash
4072,Kimono,156,2/4/2023,1.1,Cash
4043,Belt,28,22-08-2023,1.1,Credit Card
4053,Trench Coat,91,26-04-2023,4,Cash
4078,Vest,57,13-02-2023,3.3,Cash
4112,Socks,139,30-04-2023,,Credit Card
3990,Sandals,,7/11/2022,4.8,Cash
3992,Hat,113,23-02-2023,,Cash
4086,Socks,,22-07-2023,3.2,Credit Card
4119,Umbrella,64,19-05-2023,4.1,Credit Card
4074,Romper,94,15-02-2023,3.4,Cash
4072,Sneakers,65,12/3/2023,5,Credit Card
4071,Vest,168,2/8/2023,3.7,Cash
3995,Skirt,153,7/6/2023,3,Credit Card
4040,Slippers,176,28-08-2023,2.2,Cash
3979,Jumpsuit,,29-07-2023,3.2,Credit Card
4116,Slippers,124,16-01-2023,3.7,Cash
4116,Blazer,174,24-11-2022,2.1,Credit Card
4061,Coat,169,26-06-2023,4.1,Credit Card
4056,Scarf,20,21-01-2023,4.3,Cash
4016,Camisole,92,29-07-2023,3.5,Credit Card
4058,Kimono,39,24-09-2023,,Credit Card
4043,Belt,148,21-07-2023,1.2,Credit Card
4095,Bowtie,16,14-09-2023,1.1,Credit Card
3968,Belt,105,7/6/2023,1,Credit Card
4070,Loafers,140,23-07-2023,2,Credit Card
4028,Poncho,21,6/7/2023,2.4,Credit Card
4122,Sneakers,176,29-09-2023,3.1,Credit Card
3979,Leggings,,21-02-2023,2.6,Cash
3999,Flip-Flops,34,4/8/2023,1.9,Cash
3963,Skirt,,10/11/2022,2.1,Credit Card
4103,Loafers,147,10/2/2023,2.3,Cash
4118,Pajamas,170,4/8/2023,2.5,Cash
4036,Belt,,28-09-2023,4.1,Credit Card
4100,Socks,64,18-06-2023,1.2,Credit Card
4122,Sunglasses,118,8/5/2023,3.5,Cash
3988,Raincoat,62,19-10-2022,,Credit Card
4121,Swimsuit,189,30-07-2023,2.6,Credit Card
4100,Handbag,199,15-08-2023,3.2,Cash
3978,Jacket,175,12/3/2023,4.1,Credit Card
4006,Bowtie,28,11/3/2023,,Credit Card
4115,Coat,49,9/10/2022,3.5,Credit Card
4095,Dress,,23-02-2023,4.7,Cash
4104,Trench Coat,19,3/8/2023,1.3,Cash
3970,Sandals,,26-09-2023,1.2,Credit Card
4102,Slippers,,5/9/2023,2.6,Credit Card
4090,Tie,152,16-01-2023,1.5,Cash
4005,Cardigan,,14-12-2022,3.1,Credit Card
4078,Loafers,76,3/5/2023,,Cash
4085,Backpack,125,13-05-2023,2,Credit Card
3961,Flannel Shirt,120,2/3/2023,1.7,Cash
3987,Raincoat,109,20-01-2023,3,Credit Card
4093,Vest,146,6/12/2022,3.1,Cash
4003,Jeans,,8/12/2022,4.1,Cash
3961,Shorts,26,23-01-2023,1.3,Credit Card
4027,Hat,159,31-07-2023,1.6,Cash
4009,Leggings,,10/2/2023,,Cash
4019,Belt,101,15-04-2023,3.5,Credit Card
4105,Hat,37,22-11-2022,1.7,Cash
4070,Raincoat,185,7/12/2022,3.7,Credit Card
3978,Boots,32,22-11-2022,2.6,Credit Card
4093,Jacket,122,21-12-2022,2,Cash
4112,Scarf,179,9/7/2023,3.9,Cash
4039,Wallet,,28-07-2023,3.9,Credit Card
4059,Swimsuit,,27-09-2023,1.9,Credit Card
4107,Swimsuit,110,2/7/2023,4.1,Cash
3968,Pants,149,31-08-2023,,Credit Card
4082,Jumpsuit,172,9/11/2022,4.3,Credit Card
3962,Leggings,,5/9/2023,4.9,Credit Card
4044,Shorts,196,24-11-2022,2.4,Cash
4068,T-shirt,12,19-03-2023,4,Cash
4003,Leggings,152,13-08-2023,1.2,Cash
4063,Tank Top,,26-02-2023,1.9,Credit Card
3963,T-shirt,,16-07-2023,2.4,Cash
4092,Romper,110,24-03-2023,2.2,Cash
4038,Trousers,31,26-01-2023,4.6,Cash
4054,Scarf,199,7/2/2023,,Credit Card
4022,Overalls,98,10/10/2022,,Credit Card
3980,Sunglasses,175,4/10/2022,2.6,Cash
3986,Leggings,46,25-09-2023,2.2,Cash
3982,Gloves,,8/11/2022,4.3,Cash
4095,Sun Hat,74,3/1/2023,4.7,Credit Card
4000,Jacket,,17-09-2023,3.9,Cash
4030,Pajamas,,20-05-2023,3.2,Credit Card
3993,Cardigan,23,13-05-2023,1.7,Cash
4003,Loafers,150,24-09-2023,2.3,Cash
4022,Scarf,150,24-12-2022,2.9,Credit Card
3979,Flannel Shirt,,11/12/2022,1.2,Credit Card
3996,Scarf,74,8/1/2023,1.2,Cash
4035,Skirt,,31-07-2023,1.2,Cash
4061,Sun Hat,134,30-06-2023,2,Credit Card
4000,Sneakers,101,27-09-2023,1.8,Cash
3972,Romper,,6/3/2023,2.4,Credit Card
4114,Loafers,35,13-06-2023,2,Credit Card
4040,Wallet,27,4/3/2023,3.8,Credit Card
4003,Jacket,91,29-12-2022,1.9,Cash
3963,Sunglasses,94,24-08-2023,1.4,Cash
3971,Backpack,88,23-12-2022,,Credit Card
4033,Tie,49,25-03-2023,3.1,Cash
4056,Umbrella,103,23-04-2023,4.1,Credit Card
3982,Tunic,119,26-05-2023,3.4,Credit Card
4038,Belt,,17-06-2023,3.4,Cash
3993,Leggings,66,23-09-2023,1.8,Cash
4062,Leggings,174,10/6/2023,2.6,Cash
4039,Socks,102,3/11/2022,1.9,Credit Card
4023,Socks,,21-06-2023,4.4,Cash
4053,Sweater,132,15-06-2023,4.8,Credit Card
3987,Kimono,101,28-06-2023,3.4,Cash
3970,Kimono,134,13-12-2022,4,Credit Card
4008,Dress,54,6/12/2022,2.6,Credit Card
4018,Sneakers,30,14-01-2023,3,Cash
4109,Tie,45,20-05-2023,3.2,Cash
4107,Shorts,60,28-06-2023,4.6,Cash
4017,Shorts,170,27-08-2023,,Credit Card
4083,Bowtie,,8/7/2023,4.3,Cash
4087,Coat,,30-08-2023,1.1,Credit Card
4086,Loafers,,6/6/2023,4.1,Credit Card
4055,Leggings,17,31-10-2022,1.5,Credit Card
3986,Slippers,158,19-03-2023,4.7,Cash
4025,Pajamas,161,3/9/2023,2.5,Cash
3972,Boots,19,8/7/2023,3.8,Credit Card
4038,Sunglasses,149,27-02-2023,2.1,Cash
4075,Jeans,148,5/11/2022,1.5,Cash
4098,Cardigan,48,18-04-2023,2.7,Cash
4061,Jeans,67,26-06-2023,,Cash
3973,Backpack,160,27-10-2022,1.9,Credit Card
4080,Sunglasses,84,16-04-2023,4.2,Cash
3964,T-shirt,,24-09-2023,1.2,Credit Card
4061,Overalls,33,10/11/2022,1.3,Credit Card
4119,Cardigan,138,12/1/2023,3.1,Credit Card
4016,Blouse,,24-09-2023,2.1,Credit Card
3961,Vest,167,9/2/2023,1.9,Credit Card
4025,Dress,141,23-07-2023,2.9,Cash
4098,Polo Shirt,,26-08-2023,3.3,Credit Card
4107,Flannel Shirt,,9/4/2023,2.6,Credit Card
3982,Dress,154,25-04-2023,3.9,Cash
4020,Trousers,47,7/3/2023,3.4,Credit Card
4099,Backpack,133,29-05-2023,1.3,Cash
3989,Jeans,20,23-07-2023,2.3,Cash
4034,Jacket,134,4/8/2023,1.4,Credit Card
4102,Onesie,77,3/7/2023,3.8,Cash
4061,Skirt,20,17-02-2023,2.2,Credit Card
4071,Tie,142,20-04-2023,2.6,Credit Card
3978,Camisole,102,14-10-2022,4.3,Cash
4119,Blazer,126,14-09-2023,4.1,Cash
4085,Sneakers,20,17-03-2023,3,Cash
4009,Leggings,92,22-06-2023,2.7,Cash
3993,Tunic,,9/5/2023,1.2,Credit Card
4052,Raincoat,172,18-09-2023,1.5,Credit Card
4095,Vest,199,17-05-2023,4.1,Cash
4000,Hoodie,149,17-08-2023,,Credit Card
4019,Sun Hat,106,16-02-2023,,Credit Card
4094,Jumpsuit,103,19-07-2023,5,Cash
4065,Leggings,29,18-04-2023,1.8,Credit Card
4099,Kimono,106,8/1/2023,4.5,Cash
4072,Flip-Flops,67,14-09-2023,,Cash
3967,Sweater,100,6/7/2023,1.1,Cash
3957,Vest,98,2/2/2023,2.8,Cash
4075,Blazer,133,3/10/2022,4,Credit Card
4115,Tank Top,11,15-08-2023,,Credit Card
4031,Overalls,45,17-05-2023,1.9,Credit Card
3999,Kimono,68,19-12-2022,2.4,Cash
3957,Backpack,,13-01-2023,3,Cash
3972,Shorts,64,22-04-2023,3.3,Cash
4080,Swimsuit,,2/12/2022,4.4,Cash
4026,Flip-Flops,,27-10-2022,3.2,Cash
4110,Skirt,40,7/7/2023,3.5,Credit Card
4021,Jeans,116,1/11/2022,4.3,Credit Card
4054,Gloves,194,22-07-2023,4.9,Cash
4046,Sweater,,13-12-2022,2.2,Cash
4118,T-shirt,132,3/5/2023,4.2,Credit Card
4011,Blouse,51,13-11-2022,4.1,Cash
4106,Skirt,115,16-04-2023,1.9,Credit Card
4087,Leggings,,25-04-2023,4.7,Cash
4029,Tank Top,,8/12/2022,3.1,Cash
3968,Camisole,51,5/10/2022,1.8,Credit Card
3998,Belt,,21-11-2022,3.5,Credit Card
4093,Gloves,156,4/5/2023,1.4,Cash
4101,Coat,,16-03-2023,3.8,Credit Card
3974,Hoodie,,2/4/2023,,Credit Card
4033,Socks,142,14-03-2023,3,Cash
3979,Camisole,163,20-05-2023,3.3,Cash
4058,Swimsuit,173,17-09-2023,,Credit Card
3988,Polo Shirt,,18-06-2023,3.3,Credit Card
3992,T-shirt,179,28-04-2023,3.9,Cash
4099,Tank Top,31,21-02-2023,2,Credit Card
4028,Sweater,165,20-03-2023,2.6,Credit Card
4067,Sandals,133,14-06-2023,3.3,Cash
4010,Dress,,7/9/2023,2.7,Credit Card
4113,Shorts,163,26-06-2023,4.2,Cash
4086,Sweater,,24-04-2023,3.6,Cash
4038,Blazer,56,16-03-2023,3.6,Cash
4044,Jacket,140,18-03-2023,4,Credit Card
4119,Sandals,195,3/4/2023,4,Credit Card
4023,Trousers,126,11/6/2023,1.4,Credit Card
4072,Tank Top,27,31-03-2023,1.6,Cash
4026,Flip-Flops,108,22-11-2022,3.3,Cash
4019,Pajamas,,29-12-2022,3.3,Cash
4039,Sneakers,,9/2/2023,3.3,Cash
4044,Tank Top,139,30-05-2023,4.1,Credit Card
4010,Coat,48,10/5/2023,3.3,Cash
4074,Blouse,55,19-02-2023,4.4,Credit Card
4110,Slippers,167,4/10/2022,4.6,Credit Card
4041,Overalls,146,5/10/2022,4.4,Credit Card
3961,Shorts,40,28-10-2022,1.9,Credit Card
3991,Blouse,,17-04-2023,4.1,Credit Card
4122,Leggings,164,27-06-2023,3.3,Cash
3957,Pants,10,18-05-2023,1.2,Credit Card
4112,Tunic,183,23-03-2023,1.1,Cash
4078,Slippers,143,25-06-2023,1.6,Credit Card
3958,Tie,21,2/5/2023,2.8,Credit Card
3959,Handbag,119,30-06-2023,4.6,Credit Card
4001,Bowtie,133,8/12/2022,1.7,Cash
4062,Wallet,107,28-02-2023,3.2,Credit Card
4099,Shorts,199,16-09-2023,1.9,Cash
4082,Flannel Shirt,188,31-10-2022,2.3,Cash
4057,Flannel Shirt,118,2/4/2023,4.6,Credit Card
4094,Boots,,7/11/2022,4.6,Credit Card
3977,Sunglasses,69,2/5/2023,3.6,Cash
3976,Onesie,31,15-04-2023,1.1,Credit Card
4094,Wallet,149,31-03-2023,2.1,Credit Card
3964,Kimono,58,9/2/2023,,Credit Card
4070,Sneakers,,17-03-2023,2.6,Credit Card
3988,Leggings,11,25-11-2022,4.9,Credit Card
4047,Jumpsuit,40,19-12-2022,3.3,Cash
4053,Camisole,106,30-12-2022,1.1,Cash
4110,Onesie,186,10/2/2023,4.1,Cash
4048,Gloves,114,5/3/2023,4.1,Credit Card
4056,Hoodie,49,12/2/2023,1.6,Credit Card
4002,Sandals,159,6/11/2022,1.4,Cash
3959,Jumpsuit,147,21-06-2023,3.3,Cash
3988,Cardigan,103,30-07-2023,3.5,Credit Card
4075,Romper,184,11/8/2023,1.9,Credit Card
4051,Hoodie,62,31-05-2023,4.2,Credit Card
4006,Raincoat,152,2/3/2023,,Cash
4070,Sun Hat,104,4/10/2022,4.5,Cash
3959,Boots,133,14-12-2022,4.2,Credit Card
4013,Wallet,88,13-01-2023,2.3,Credit Card
3962,Backpack,190,13-01-2023,1.5,Credit Card
4028,Poncho,45,29-06-2023,4.1,Cash
4048,Scarf,178,28-04-2023,1.6,Cash
4006,Tank Top,,2/7/2023,4.1,Credit Card
3980,Jacket,189,8/5/2023,2.1,Credit Card
4114,Jacket,35,10/10/2022,4.4,Credit Card
4117,Kimono,112,21-06-2023,1.7,Cash
4034,Sweater,150,29-01-2023,1,Cash
4013,Scarf,185,13-03-2023,3.1,Credit Card
4016,T-shirt,51,30-05-2023,4.6,Credit Card
4083,Wallet,172,23-10-2022,5,Credit Card
4049,Scarf,,3/11/2022,4.9,Cash
3966,Overalls,,21-05-2023,1.8,Cash
4028,Pajamas,,12/10/2022,,Credit Card
4083,Socks,121,4/2/2023,3.4,Cash
4112,Kimono,,29-04-2023,4.3,Credit Card
4010,Skirt,104,9/1/2023,,Cash
3958,Trousers,,25-10-2022,2.5,Cash
4007,Scarf,,16-08-2023,,Cash
4120,Slippers,112,3/3/2023,1.3,Credit Card
4058,Tunic,143,16-02-2023,1.3,Credit Card
3985,Flannel Shirt,162,19-12-2022,1.2,Credit Card
4028,Trench Coat,,18-01-2023,1.7,Cash
4102,Leggings,54,21-06-2023,1.8,Credit Card
4085,Tunic,122,27-08-2023,2.8,Cash
4083,Blazer,,30-04-2023,1.6,Cash
4000,Romper,142,2/11/2022,1.9,Credit Card
4098,Overalls,18,29-12-2022,1.1,Credit Card
4006,Backpack,140,25-10-2022,2.8,Cash
4101,Pants,69,22-09-2023,1.6,Credit Card
4111,Trench Coat,182,21-03-2023,2.8,Cash
4101,Skirt,,26-10-2022,2.6,Credit Card
4001,Blouse,10,5/7/2023,3.7,Credit Card
3973,Gloves,32,11/8/2023,2.4,Cash
4107,Swimsuit,112,2/7/2023,1.4,Credit Card
3989,Pajamas,111,24-01-2023,3.9,Credit Card
3973,Bowtie,61,17-10-2022,4.7,Credit Card
3989,Flip-Flops,198,9/8/2023,4.9,Credit Card
4023,Trench Coat,33,21-02-2023,4.7,Credit Card
4102,Socks,195,6/11/2022,,Cash
4015,Jumpsuit,159,18-01-2023,1.1,Cash
4090,Vest,80,16-02-2023,3.7,Cash
4027,Socks,59,9/9/2023,4.9,Credit Card
4006,Jacket,113,25-07-2023,2.8,Cash
3962,Sneakers,76,8/10/2022,,Credit Card
4093,Belt,,27-07-2023,4.7,Credit Card
4114,Coat,153,11/5/2023,4.7,Cash
4021,Umbrella,,24-08-2023,4.7,Credit Card
4100,Blazer,39,4/11/2022,2.9,Credit Card
4073,Sunglasses,75,8/8/2023,2.9,Cash
3957,Backpack,157,2/6/2023,5,Cash
4066,Skirt,123,3/8/2023,3.7,Credit Card
4121,Pants,154,7/6/2023,,Credit Card
3970,Overalls,72,23-07-2023,2.5,Credit Card
4039,Skirt,127,8/6/2023,2.7,Credit Card
4067,Poncho,160,10/12/2022,4.9,Credit Card
4061,Shorts,133,18-02-2023,2.9,Cash
4027,Boots,,23-03-2023,4.9,Credit Card
3988,Jeans,,19-12-2022,1.8,Cash
4089,Overalls,66,13-07-2023,4.6,Cash
4076,Hat,68,16-02-2023,2.2,Credit Card
4083,Sneakers,115,27-11-2022,3.9,Credit Card
4049,Jeans,142,17-01-2023,3.3,Cash
4089,Onesie,189,5/4/2023,,Credit Card
3968,Wallet,73,19-04-2023,2.2,Cash
4014,Flannel Shirt,112,10/8/2023,,Credit Card
3969,Bowtie,97,17-02-2023,2.7,Credit Card
4028,Raincoat,,28-06-2023,1.2,Cash
4064,Sandals,131,8/10/2022,3.7,Cash
4093,Shorts,65,3/3/2023,2.6,Cash
4071,Sun Hat,78,13-03-2023,4.7,Cash
4037,Hoodie,,23-10-2022,4,Credit Card
3958,Raincoat,58,27-05-2023,3.1,Credit Card
4057,Belt,61,14-01-2023,1.3,Credit Card
4006,Scarf,71,1/4/2023,3.6,Cash
4042,Pants,62,13-04-2023,4.6,Credit Card
3977,Vest,73,20-09-2023,4.3,Credit Card
4103,Trench Coat,101,10/6/2023,1.8,Cash
3963,Belt,,4/3/2023,4.9,Credit Card
4014,Trench Coat,,19-06-2023,3.2,Credit Card
4065,Trousers,183,9/10/2022,3,Cash
3976,Sweater,136,22-07-2023,3.4,Credit Card
4020,Bowtie,148,15-03-2023,2.7,Cash
4007,Sneakers,133,14-06-2023,4.5,Credit Card
3999,Swimsuit,90,25-08-2023,4.5,Credit Card
4041,Skirt,157,25-08-2023,1.7,Credit Card
4036,Sweater,135,24-01-2023,2.3,Cash
3973,Backpack,,22-07-2023,,Credit Card
4117,Pajamas,140,7/2/2023,4,Credit Card
4117,Camisole,66,13-09-2023,1.1,Credit Card
3981,Belt,42,11/10/2022,3.4,Credit Card
3964,Socks,,23-03-2023,2.7,Credit Card
4079,Cardigan,132,28-07-2023,5,Cash
4067,Socks,18,19-08-2023,3.8,Credit Card
3963,Vest,110,9/7/2023,4.8,Cash
4108,Hat,54,25-10-2022,2.6,Credit Card
4117,Loafers,40,12/12/2022,1.6,Cash
4042,Sneakers,127,3/9/2023,2.5,Cash
4021,Flannel Shirt,12,11/5/2023,,Credit Card
4020,Loafers,,2/10/2022,1.3,Credit Card
3984,Kimono,158,27-12-2022,1.7,Credit Card
4078,Flannel Shirt,,13-08-2023,2.3,Credit Card
4018,Belt,76,7/2/2023,5,Cash
4044,Skirt,,17-02-2023,3.6,Cash
3970,Umbrella,78,16-12-2022,,Cash
4042,Sweater,166,31-08-2023,5,Cash
4090,Backpack,57,24-10-2022,3.7,Credit Card
4017,Boots,63,29-01-2023,1.6,Cash
3975,Shorts,105,17-11-2022,,Credit Card
4110,Gloves,112,1/4/2023,4.7,Credit Card
4115,Shorts,56,30-06-2023,,Credit Card
4069,Sweater,157,5/8/2023,2.3,Cash
3981,Dress,35,12/12/2022,2.8,Credit Card
4117,Sunglasses,70,21-03-2023,1.2,Cash
4071,Sneakers,107,25-06-2023,4.1,Cash
4105,Boots,,22-02-2023,2.7,Cash
3988,Jacket,199,10/8/2023,2.2,Credit Card
3978,Polo Shirt,,10/10/2022,1.1,Cash
3972,Skirt,55,29-05-2023,4.6,Credit Card
3965,Sneakers,44,7/1/2023,,Credit Card
4053,Gloves,171,10/3/2023,1.1,Credit Card
4037,Flip-Flops,194,19-12-2022,3.9,Cash
3973,Tank Top,134,22-10-2022,3.2,Cash
3989,Romper,153,26-01-2023,3.4,Credit Card
3972,Vest,22,20-11-2022,3,Credit Card
4070,Vest,186,17-07-2023,1.5,Cash
3971,Vest,,15-05-2023,2.4,Credit Card
4034,Skirt,75,7/9/2023,3,Credit Card
4113,Gloves,171,25-05-2023,3.6,Cash
4117,Camisole,,31-05-2023,2.8,Credit Card
4067,Tank Top,76,25-02-2023,2.8,Credit Card
3973,Sneakers,153,1/7/2023,4.7,Cash
3983,Kimono,75,13-05-2023,2.8,Credit Card
3971,Scarf,115,25-05-2023,1.7,Credit Card
4100,Coat,,5/4/2023,2.6,Cash
3970,Scarf,165,10/8/2023,1.8,Credit Card
4032,Raincoat,,7/4/2023,3.6,Credit Card
4054,Handbag,176,29-11-2022,,Credit Card
4059,Cardigan,82,3/9/2023,2.1,Cash
3981,Romper,182,9/3/2023,4.9,Cash
4115,Loafers,198,5/11/2022,,Cash
4062,Cardigan,30,21-06-2023,4.9,Cash
4016,Camisole,83,7/5/2023,3.1,Credit Card
4110,T-shirt,47,15-02-2023,1.6,Cash
4116,Skirt,173,18-09-2023,4.7,Credit Card
3959,Hat,96,26-06-2023,3.9,Credit Card
4073,Trench Coat,166,22-12-2022,4.3,Credit Card
4055,Tank Top,28,13-01-2023,3.3,Cash
4075,Flip-Flops,,3/10/2022,4,Cash
4066,Onesie,90,15-06-2023,3.1,Cash
4115,Poncho,84,26-06-2023,1,Credit Card
4115,Blazer,164,7/12/2022,3.7,Credit Card
3982,Tank Top,79,8/8/2023,2.5,Credit Card
4043,Boots,102,14-03-2023,4.5,Cash
3963,Coat,143,26-08-2023,4.5,Cash
4073,Leggings,115,25-06-2023,2.6,Credit Card
4089,Umbrella,,22-04-2023,2.3,Cash
4041,Jacket,42,23-09-2023,1.2,Cash
4107,Coat,179,22-06-2023,1.7,Credit Card
4006,Hat,200,20-02-2023,1.7,Credit Card
3984,Trousers,30,25-11-2022,4.4,Cash
3983,Overalls,111,21-07-2023,1.7,Cash
3960,Pants,,5/5/2023,2.8,Cash
4109,T-shirt,,22-12-2022,1.6,Cash
3974,Wallet,150,4/2/2023,3.4,Credit Card
4108,Onesie,,29-08-2023,2,Cash
4006,Belt,144,22-01-2023,3.7,Credit Card
4103,Trousers,31,27-12-2022,4.4,Credit Card
3989,Jeans,,9/5/2023,4.3,Credit Card
4120,Hat,31,17-10-2022,4.8,Credit Card
4087,Sandals,109,27-08-2023,4.6,Credit Card
4022,Jacket,73,4/4/2023,1.4,Cash
4047,Coat,123,9/7/2023,2,Credit Card
4064,Umbrella,43,12/4/2023,4.7,Credit Card
4080,Tunic,53,16-08-2023,4,Cash
4115,T-shirt,,22-02-2023,4.7,Cash
4070,Loafers,93,25-12-2022,4.8,Cash
4004,Raincoat,129,25-05-2023,4.9,Cash
4019,Onesie,148,5/5/2023,4.8,Cash
3992,Slippers,150,5/6/2023,3.8,Cash
3968,T-shirt,188,28-02-2023,3.4,Cash
3972,Kimono,161,23-06-2023,1.4,Cash
3989,Boots,171,17-01-2023,4.8,Credit Card
4036,Onesie,154,21-11-2022,3.8,Credit Card
4106,Shorts,173,17-05-2023,1.1,Cash
4068,Dress,89,8/1/2023,3.1,Cash
4088,Jeans,133,25-09-2023,4.8,Credit Card
4048,Sunglasses,32,3/10/2022,1.1,Credit Card
4036,Umbrella,103,16-04-2023,3,Cash
4106,Cardigan,49,26-04-2023,4.3,Cash
4095,Gloves,10,3/1/2023,1.8,Cash
3994,Flannel Shirt,44,31-07-2023,1.5,Cash
3994,Trench Coat,130,19-01-2023,3,Credit Card
4077,Coat,186,3/9/2023,4.7,Credit Card
4036,Tunic,132,26-08-2023,2.9,Cash
4111,Pants,120,15-09-2023,1.2,Credit Card
4044,Jumpsuit,162,15-11-2022,3.8,Credit Card
4031,Skirt,11,10/4/2023,2.1,Credit Card
4051,Skirt,58,18-11-2022,,Cash
3959,Blazer,153,30-06-2023,1.8,Cash
4089,Poncho,73,17-11-2022,2.3,Credit Card
4107,Trousers,,29-05-2023,2.3,Credit Card
3994,Bowtie,109,5/7/2023,1.4,Cash
3971,Kimono,66,15-06-2023,2.5,Cash
4017,Poncho,118,17-12-2022,4.3,Credit Card
4086,Raincoat,142,1/3/2023,4.4,Credit Card
4100,Polo Shirt,166,16-12-2022,2,Cash
3970,Sandals,185,15-04-2023,4.4,Credit Card
4065,Wallet,176,5/4/2023,,Cash
4045,Kimono,78,25-03-2023,2.1,Credit Card
4007,Sandals,27,17-07-2023,3.8,Credit Card
4008,Swimsuit,,10/3/2023,1.4,Cash
4120,Overalls,173,2/5/2023,4.2,Credit Card
4008,T-shirt,125,16-08-2023,,Cash
3974,Raincoat,169,9/7/2023,2.8,Cash
4044,Blazer,92,1/8/2023,4.8,Cash
4005,Romper,,13-10-2022,3.4,Cash
4078,Trousers,,5/5/2023,1.2,Cash
4076,Flannel Shirt,57,19-12-2022,1.5,Credit Card
4110,Jumpsuit,82,30-01-2023,2.1,Credit Card
4041,Wallet,193,9/12/2022,4.4,Credit Card
4105,Loafers,12,25-05-2023,4.4,Credit Card
4101,Onesie,48,14-12-2022,1.7,Cash
4042,Shorts,,22-01-2023,2.3,Cash
4114,Sneakers,117,1/9/2023,4.2,Cash
4033,Umbrella,137,1/6/2023,1.2,Cash
4064,Flannel Shirt,128,1/12/2022,4.1,Credit Card
4041,Camisole,18,20-05-2023,4.2,Credit Card
3998,Handbag,47,17-08-2023,2.8,Credit Card
3983,Jeans,,16-06-2023,1.7,Credit Card
4073,Pants,28,25-07-2023,2.4,Credit Card
3967,Tie,56,15-10-2022,4,Credit Card
4083,Gloves,,18-12-2022,3.2,Credit Card
4013,Wallet,107,28-12-2022,3.4,Cash
3957,Pants,41,26-01-2023,4.2,Credit Card
4120,Raincoat,192,31-05-2023,3.9,Credit Card
4014,Kimono,123,14-09-2023,1.7,Cash
4015,Jeans,18,22-07-2023,4.8,Cash
4076,Boots,,30-10-2022,4.9,Credit Card
4116,Sunglasses,34,20-10-2022,2.7,Credit Card
4011,Poncho,63,29-09-2023,1.5,Credit Card
4018,Tank Top,184,9/5/2023,4.5,Credit Card
4080,Belt,92,12/3/2023,,Credit Card
4041,Swimsuit,,18-02-2023,2.5,Credit Card
4053,Scarf,200,6/7/2023,3.6,Credit Card
4009,Poncho,143,19-08-2023,4.8,Cash
4059,Hoodie,,24-08-2023,4.5,Credit Card
4004,Socks,86,19-05-2023,4.3,Cash
3958,Pajamas,,30-10-2022,4.5,Cash
4049,Handbag,180,10/9/2023,,Cash
3959,Skirt,38,11/7/2023,,Credit Card
3975,Sneakers,121,22-02-2023,1.1,Credit Card
4048,Handbag,52,28-05-2023,3.5,Credit Card
3964,Umbrella,159,18-05-2023,1.7,Credit Card
4099,Polo Shirt,,26-07-2023,2.2,Credit Card
3986,Bowtie,12,16-03-2023,3.1,Credit Card
3993,Flannel Shirt,158,27-09-2023,3.3,Cash
4031,Hat,131,11/2/2023,3,Credit Card
4069,Sandals,49,7/11/2022,4.4,Cash
4006,Umbrella,32,19-08-2023,1.9,Credit Card
4118,Raincoat,137,17-05-2023,3.5,Credit Card
4106,Trousers,,5/5/2023,4.8,Credit Card
4049,Vest,170,13-06-2023,1.6,Cash
3968,Slippers,,11/3/2023,,Credit Card
3964,Tie,49,11/3/2023,3.1,Credit Card
4007,Sneakers,37,13-01-2023,1.7,Credit Card
4007,Blazer,,1/8/2023,1.8,Cash
4029,Socks,152,27-06-2023,3.1,Credit Card
4001,Dress,98,10/11/2022,1.7,Cash
4013,Slippers,122,7/7/2023,4.3,Cash
4024,Flannel Shirt,15,5/7/2023,1.8,Credit Card
4001,Tank Top,101,17-08-2023,,Cash
4043,Trousers,74,17-09-2023,1.6,Credit Card
4098,Flip-Flops,134,22-10-2022,1,Cash
4019,Shorts,153,21-05-2023,1.4,Cash
4002,Belt,188,17-01-2023,1,Credit Card
4007,Overalls,155,26-05-2023,,Cash
3962,Sunglasses,,22-06-2023,2,Cash
4002,Raincoat,197,4/11/2022,3.9,Cash
4024,Cardigan,163,31-03-2023,1.1,Cash
3982,Shorts,151,27-07-2023,2.9,Credit Card
3962,T-shirt,,4/11/2022,1.3,Credit Card
3992,Kimono,125,15-03-2023,4.1,Credit Card
4054,Umbrella,77,11/6/2023,2.9,Credit Card
3985,Pants,126,6/8/2023,4,Cash
4043,Overalls,,31-10-2022,3.5,Credit Card
4010,Umbrella,107,14-07-2023,2.5,Credit Card
4035,Pants,14,26-07-2023,4.8,Cash
4073,Flannel Shirt,103,5/3/2023,3.5,Credit Card
4018,Cardigan,71,9/4/2023,4.1,Credit Card
4051,Flip-Flops,26,20-06-2023,2.8,Credit Card
4052,Sun Hat,147,9/8/2023,3.2,Cash
4000,Wallet,58,1/10/2023,2.6,Credit Card
4091,Coat,137,19-08-2023,1.7,Credit Card
4116,Blazer,49,19-04-2023,1.5,Credit Card
4068,Kimono,92,26-12-2022,1.3,Cash
3973,Cardigan,92,27-04-2023,1.8,Credit Card
3987,Jacket,,10/7/2023,3.9,Cash
3993,Cardigan,27,17-01-2023,3.6,Cash
3990,T-shirt,,17-06-2023,4.8,Cash
4005,Overalls,55,13-02-2023,2.3,Credit Card
4006,Dress,61,10/7/2023,3.3,Cash
4093,Scarf,,21-06-2023,3.5,Credit Card
4053,Cardigan,,16-05-2023,4.5,Credit Card
4052,Slippers,,30-04-2023,3.9,Credit Card
4038,Shorts,109,15-01-2023,3.6,Cash
4110,Sweater,144,27-06-2023,3.6,Credit Card
4066,Kimono,161,13-10-2022,3.2,Credit Card
4119,Blazer,103,20-12-2022,1.7,Cash
4019,T-shirt,193,10/10/2022,3.8,Credit Card
3968,Belt,,17-09-2023,3.3,Cash
4114,Raincoat,63,4/6/2023,1.8,Credit Card
4107,Wallet,30,24-04-2023,2.2,Cash
4005,T-shirt,173,11/11/2022,3,Cash
4094,Sweater,,18-12-2022,3.9,Cash
4032,Sandals,116,31-01-2023,1.9,Credit Card
3995,Blouse,191,1/8/2023,2.2,Cash
4040,Raincoat,,24-04-2023,3.3,Cash
4020,Cardigan,145,15-09-2023,2,Cash
3970,Trench Coat,,26-11-2022,4.1,Cash
4118,Wallet,,2/1/2023,3.9,Cash
4028,Jumpsuit,65,29-11-2022,2.8,Cash
3989,Sun Hat,34,21-08-2023,4.4,Cash
4087,Pants,,8/9/2023,1.7,Cash
4106,Hoodie,108,6/8/2023,1.3,Cash
4082,Romper,,16-10-2022,,Credit Card
4010,Sneakers,73,21-08-2023,4.6,Credit Card
3977,Pants,55,21-03-2023,3.1,Credit Card
4077,Camisole,152,16-11-2022,1.5,Credit Card
4114,Socks,37,9/7/2023,4.6,Credit Card
3973,Belt,157,8/7/2023,3.3,Cash
3999,Slippers,127,22-11-2022,4.7,Credit Card
4087,Hoodie,119,20-12-2022,1.6,Credit Card
4056,Cardigan,52,19-07-2023,4,Credit Card
4122,Gloves,150,29-08-2023,,Credit Card
4087,Dress,96,5/7/2023,2.6,Credit Card
4052,Onesie,146,26-06-2023,4.5,Credit Card
4084,Raincoat,123,27-08-2023,1.7,Cash
4089,Boots,90,18-04-2023,2.1,Cash
4075,Umbrella,93,2/9/2023,3.4,Credit Card
4002,Handbag,115,21-11-2022,4.5,Credit Card
4039,Pajamas,120,20-06-2023,3,Cash
4052,Belt,92,9/12/2022,2.4,Credit Card
4091,Vest,154,15-10-2022,4,Credit Card
4080,Skirt,106,30-08-2023,2.5,Cash
4083,Sandals,200,9/6/2023,1.7,Credit Card
4078,Blazer,125,5/10/2022,2.6,Cash
4025,Loafers,111,25-04-2023,,Cash
4105,Blazer,,18-04-2023,4,Cash
4059,Hat,,3/8/2023,4.1,Credit Card
4120,Sunglasses,14,20-10-2022,2.1,Cash
4106,Belt,87,1/12/2022,4.7,Credit Card
3966,Umbrella,,26-10-2022,4.3,Cash
4010,Leggings,64,22-05-2023,3.3,Credit Card
4013,Slippers,15,29-07-2023,1.3,Cash
4008,Blouse,186,8/12/2022,1.7,Cash
4072,Umbrella,151,22-01-2023,3.9,Credit Card
4017,Jumpsuit,156,5/6/2023,4.5,Credit Card
4058,Socks,49,16-12-2022,,Cash
4012,Sandals,,30-07-2023,3.3,Cash
4035,Blouse,49,13-07-2023,3.9,Credit Card
4065,Tie,,14-12-2022,2.4,Credit Card
4053,Sun Hat,159,18-04-2023,,Cash
4103,Socks,75,12/7/2023,2.9,Credit Card
3997,Blazer,33,8/8/2023,3.9,Credit Card
4052,Blazer,155,28-01-2023,3.4,Credit Card
4022,Hoodie,197,24-01-2023,1,Credit Card
4097,Blazer,,19-02-2023,2.9,Cash
3978,Sunglasses,133,28-09-2023,3.4,Credit Card
3991,Handbag,,20-06-2023,,Credit Card
3978,Overalls,186,6/9/2023,1.6,Cash
4032,Polo Shirt,34,13-05-2023,,Credit Card
4070,Hat,86,5/9/2023,1.6,Credit Card
4089,Pajamas,,6/3/2023,1.5,Cash
4047,Belt,107,9/8/2023,3.8,Cash
4015,Skirt,,22-05-2023,2.9,Credit Card
4106,Blouse,,25-10-2022,1.2,Cash
3967,Flannel Shirt,99,3/2/2023,4,Cash
4076,Bowtie,121,12/3/2023,,Credit Card
4088,Tank Top,40,24-10-2022,2.6,Credit Card
4116,Leggings,68,5/5/2023,1.7,Credit Card
4043,Trench Coat,164,10/6/2023,3.9,Cash
4066,Umbrella,172,18-03-2023,3.9,Credit Card
4072,Romper,107,25-05-2023,4.7,Credit Card
4076,Raincoat,,20-06-2023,4.7,Credit Card
4067,Overalls,91,12/8/2023,3.5,Cash
4061,Raincoat,48,1/5/2023,1.1,Cash
4051,Belt,188,24-06-2023,2.7,Cash
4084,Overalls,22,25-01-2023,3.1,Credit Card
4038,Tie,110,7/1/2023,2.8,Credit Card
4026,Tie,162,24-03-2023,4.2,Credit Card
4054,Overalls,33,1/4/2023,1.4,Credit Card
3963,Jeans,84,20-09-2023,2.1,Credit Card
4002,Sun Hat,47,18-05-2023,2.1,Credit Card
4070,Jeans,,8/10/2022,3.7,Cash
4016,Jumpsuit,,8/6/2023,1.6,Credit Card
4024,Tie,22,16-05-2023,1,Credit Card
4122,Hoodie,77,30-01-2023,4.9,Credit Card
3976,Tunic,,22-11-2022,2.1,Credit Card
4048,Blouse,188,28-12-2022,4.4,Credit Card
3978,Flip-Flops,,3/9/2023,3.8,Credit Card
4032,Blazer,,21-01-2023,4.9,Cash
4085,Boots,134,22-11-2022,4.4,Credit Card
4088,Slippers,156,16-03-2023,,Cash
4096,Trench Coat,,19-03-2023,3.6,Credit Card
4121,Swimsuit,198,25-03-2023,1.9,Credit Card
3977,Blouse,72,21-08-2023,3.4,Credit Card
4027,Flip-Flops,,23-10-2022,3.8,Cash
4015,Polo Shirt,92,15-09-2023,1.1,Cash
3982,Sunglasses,157,13-03-2023,,Credit Card
3987,Cardigan,,15-05-2023,1.5,Cash
3975,Sweater,118,13-09-2023,2.7,Cash
4049,Tunic,58,18-10-2022,2.3,Cash
3966,Vest,162,3/4/2023,2.2,Cash
4096,Blouse,88,6/12/2022,1.8,Credit Card
4008,Vest,,27-08-2023,,Cash
4042,Wallet,123,18-11-2022,4.6,Cash
4007,T-shirt,122,27-06-2023,1.1,Cash
4041,Overalls,,3/6/2023,4.7,Credit Card
4021,Tunic,61,14-08-2023,2.4,Cash
4034,Flannel Shirt,49,6/8/2023,1.9,Credit Card
4027,Overalls,31,12/9/2023,1.2,Credit Card
4005,Sweater,,23-01-2023,1.2,Cash
4111,Hoodie,,23-06-2023,4.9,Cash
3992,Sweater,47,19-02-2023,4.4,Credit Card
4096,Sneakers,83,30-09-2023,,Cash
4023,Backpack,,22-02-2023,1.5,Cash
3959,Skirt,38,13-02-2023,3.6,Credit Card
4033,Trousers,130,24-10-2022,2.4,Credit Card
4029,Loafers,,10/3/2023,4.5,Credit Card
4045,Skirt,147,8/4/2023,3.7,Cash
4060,Cardigan,149,19-06-2023,1.9,Credit Card
4060,Sunglasses,76,4/7/2023,2.1,Credit Card
4105,Onesie,169,17-01-2023,1.5,Cash
3960,Tank Top,46,24-11-2022,4.6,Cash
4077,Trousers,181,10/11/2022,3,Credit Card
4088,Sweater,,10/3/2023,3.6,Cash
3995,Shorts,179,3/11/2022,4.6,Cash
4058,Poncho,75,8/3/2023,1.3,Credit Card
4015,Slippers,,6/6/2023,3.7,Cash
4015,Umbrella,188,28-10-2022,2.5,Credit Card
4010,Trench Coat,23,31-08-2023,1.7,Cash
4078,Poncho,12,26-09-2023,2.9,Cash
4016,Romper,,23-11-2022,4.3,Credit Card
4089,Sweater,179,19-12-2022,2.7,Cash
4107,Tank Top,178,26-01-2023,3.2,Cash
4098,Scarf,37,29-08-2023,4.2,Credit Card
4076,Flannel Shirt,,16-03-2023,1.2,Credit Card
4075,Pants,176,27-10-2022,,Cash
4044,Sun Hat,107,11/1/2023,4.2,Credit Card
3978,Poncho,191,25-04-2023,1.4,Credit Card
4037,Kimono,,3/7/2023,4.1,Cash
4005,Blouse,162,17-05-2023,,Credit Card
4066,Gloves,57,29-11-2022,3.1,Cash
4063,Umbrella,,17-03-2023,3.1,Cash
4010,Handbag,153,19-08-2023,3.7,Credit Card
4069,Pants,15,21-04-2023,1.6,Cash
4072,Blazer,,2/7/2023,,Cash
4099,Handbag,88,6/8/2023,4.9,Cash
3964,Blazer,110,9/11/2022,2.9,Cash
4052,Camisole,14,21-10-2022,1.2,Cash
3992,T-shirt,100,27-07-2023,2,Credit Card
4104,Kimono,87,25-08-2023,1.9,Credit Card
3989,Flip-Flops,138,14-05-2023,,Cash
4035,Tank Top,25,20-05-2023,,Credit Card
3959,Socks,109,14-08-2023,2.4,Cash
4084,Shorts,17,18-05-2023,2.1,Cash
4047,Jacket,81,4/7/2023,4.2,Cash
4043,T-shirt,97,29-10-2022,3.8,Cash
4014,Pants,178,13-12-2022,,Cash
4064,Loafers,,28-01-2023,1.7,Cash
4065,Shorts,143,25-08-2023,3.1,Cash
4060,Flannel Shirt,166,5/3/2023,2.7,Credit Card
4094,Skirt,185,19-08-2023,2,Credit Card
4033,Boots,71,15-02-2023,,Credit Card
4040,Scarf,119,2/4/2023,1,Credit Card
4107,Skirt,164,8/5/2023,3.7,Cash
3962,Onesie,148,21-06-2023,1.8,Credit Card
4102,Jeans,,28-02-2023,4.3,Credit Card
3965,Trench Coat,158,13-02-2023,2.8,Cash
3992,Bowtie,61,30-04-2023,2.7,Credit Card
3996,Vest,89,1/6/2023,4.3,Cash
4041,Sweater,144,23-07-2023,,Cash
4102,Shorts,120,1/3/2023,3.1,Cash
4118,Blazer,47,14-10-2022,3.8,Credit Card
4111,Vest,154,28-01-2023,1.1,Credit Card
4112,Onesie,91,6/5/2023,2.6,Credit Card
4103,Hat,,8/5/2023,2.2,Cash
4057,Boots,194,3/3/2023,3.4,Cash
4054,Polo Shirt,,13-10-2022,4.2,Credit Card
4009,Sandals,47,4/11/2022,,Cash
4057,Flip-Flops,91,11/5/2023,3.7,Credit Card
3973,Umbrella,115,21-01-2023,2,Cash
4093,Bowtie,87,9/12/2022,,Cash
4055,Wallet,173,11/8/2023,3.3,Cash
4005,Flip-Flops,80,14-03-2023,4.8,Credit Card
4078,Shorts,,4/6/2023,,Credit Card
3984,Belt,,21-01-2023,4,Credit Card
4041,Pants,,14-06-2023,3.5,Credit Card
4102,Handbag,,18-06-2023,1,Cash
4072,Jeans,167,5/9/2023,5,Cash
4120,Hat,155,16-01-2023,,Cash
4034,Pants,162,1/12/2022,1.2,Cash
3980,Poncho,185,1/4/2023,3,Credit Card
4000,Wallet,,27-07-2023,2.2,Cash
3983,Boots,,14-06-2023,4.3,Cash
4098,Coat,44,7/4/2023,2.6,Credit Card
4002,Trench Coat,164,21-05-2023,5,Credit Card
3965,Poncho,176,28-09-2023,3.6,Cash
4111,Tank Top,109,23-12-2022,3.4,Cash
4082,Polo Shirt,45,5/8/2023,4.3,Cash
3963,Socks,,27-09-2023,3.2,Credit Card
4004,Onesie,114,9/9/2023,2.6,Credit Card
4007,Onesie,13,16-12-2022,1.4,Credit Card
3974,Cardigan,115,6/9/2023,2.1,Cash
4055,Cardigan,181,14-05-2023,,Credit Card
4029,Wallet,62,29-01-2023,2.1,Credit Card
4009,Skirt,,24-11-2022,1.7,Credit Card
4016,Slippers,122,19-06-2023,1.7,Cash
4031,Kimono,135,21-04-2023,4.9,Credit Card
4091,Swimsuit,127,15-07-2023,3.4,Credit Card
3974,Wallet,119,16-01-2023,4.6,Cash
4073,Sneakers,20,30-09-2023,2.8,Credit Card
3971,Vest,107,21-10-2022,,Cash
4051,Pajamas,110,10/12/2022,4.6,Credit Card
4089,Tank Top,200,18-07-2023,2.7,Cash
3959,Skirt,147,16-11-2022,3.6,Cash
4000,Overalls,190,20-03-2023,,Credit Card
4040,Tie,143,15-07-2023,3.1,Credit Card
4062,Belt,,8/4/2023,3.2,Cash
4057,Pants,20,28-09-2023,1.4,Cash
3997,Jeans,72,5/9/2023,,Credit Card
3985,Cardigan,111,6/3/2023,3.7,Cash
3990,Overalls,20,26-08-2023,,Cash
4094,Shorts,142,24-12-2022,3.5,Cash
4064,Sunglasses,22,26-01-2023,,Credit Card
4079,Pajamas,,26-01-2023,4.7,Cash
3974,T-shirt,87,30-12-2022,4.2,Credit Card
4056,Slippers,83,4/3/2023,3.7,Credit Card
4009,Blazer,118,17-11-2022,3.3,Credit Card
3990,Dress,23,12/4/2023,4.5,Credit Card
4009,Backpack,46,10/4/2023,2.8,Credit Card
4036,Backpack,175,6/11/2022,1.4,Credit Card
4067,Wallet,194,10/7/2023,4.9,Cash
4078,Flip-Flops,56,28-03-2023,3.2,Cash
3997,Bowtie,188,18-08-2023,4.9,Credit Card
4111,Dress,110,9/2/2023,3,Cash
4104,Raincoat,125,4/7/2023,4.4,Credit Card
4036,Blouse,,5/2/2023,4.7,Credit Card
4107,Overalls,192,27-07-2023,2.2,Credit Card
4008,Camisole,126,11/5/2023,4,Credit Card
4085,Overalls,,19-04-2023,4.5,Credit Card
4074,Sneakers,176,14-10-2022,3.1,Cash
4027,T-shirt,51,28-05-2023,3.3,Credit Card
4008,Coat,41,16-01-2023,3,Cash
3958,Raincoat,,4/3/2023,1,Cash
3993,Trench Coat,172,28-02-2023,4.2,Credit Card
4071,Trench Coat,144,16-04-2023,1.2,Credit Card
3973,Scarf,196,31-05-2023,2.9,Cash
4059,Raincoat,140,30-09-2023,,Credit Card
4111,Romper,50,9/2/2023,4.4,Credit Card
4020,Flannel Shirt,107,19-04-2023,1.3,Cash
4091,Pajamas,,31-12-2022,1.4,Credit Card
4041,Trench Coat,,3/12/2022,1.3,Credit Card
4102,Jacket,178,27-03-2023,4.6,Credit Card
4082,Hat,51,21-08-2023,3.4,Credit Card
4074,Backpack,55,22-07-2023,3.4,Credit Card
4075,Pants,23,2/4/2023,4.6,Credit Card
4104,Raincoat,89,7/7/2023,3.9,Credit Card
3967,Backpack,124,24-02-2023,4.8,Cash
3980,Camisole,56,30-08-2023,4.4,Credit Card
4030,Sunglasses,,13-11-2022,1.2,Credit Card
4122,Trousers,,19-08-2023,,Credit Card
4073,Overalls,169,8/6/2023,3.9,Cash
4045,Romper,13,16-02-2023,4.2,Credit Card
4033,Blouse,137,10/8/2023,2.7,Credit Card
4057,Sneakers,11,29-11-2022,1.2,Credit Card
4113,Tunic,136,7/5/2023,3.6,Cash
4001,Wallet,160,3/11/2022,2.1,Cash
4063,Blazer,126,16-05-2023,3.8,Credit Card
4020,Vest,30,3/10/2022,2.3,Credit Card
4002,Jacket,11,23-03-2023,1.4,Credit Card
4115,Backpack,150,8/10/2022,3.3,Cash
4067,Onesie,170,23-12-2022,3.6,Credit Card
4074,Pajamas,63,25-12-2022,1.7,Cash
4055,Onesie,,10/11/2022,4.5,Cash
4003,Loafers,,21-06-2023,3.8,Credit Card
4102,Wallet,19,7/9/2023,3.4,Credit Card
3981,Hat,,19-11-2022,2,Cash
4057,Sunglasses,,27-04-2023,3.4,Credit Card
3968,Romper,164,18-07-2023,,Cash
4018,Trench Coat,32,11/7/2023,2.2,Credit Card
3997,Jumpsuit,,7/11/2022,,Cash
4027,Wallet,55,28-08-2023,,Credit Card
4117,Flannel Shirt,,25-02-2023,1.4,Cash
4094,Sandals,179,21-11-2022,4.9,Cash
4031,Blouse,162,26-01-2023,4,Cash
3974,Tank Top,153,4/3/2023,2.6,Cash
4012,Leggings,,19-02-2023,1.5,Credit Card
4083,Slippers,158,8/9/2023,3.3,Credit Card
4062,Slippers,19,4/6/2023,1.9,Credit Card
4098,Raincoat,,17-04-2023,3.1,Credit Card
3988,Slippers,104,24-09-2023,3.5,Cash
4051,Flip-Flops,27,31-10-2022,1.5,Cash
3976,Vest,150,28-09-2023,2.9,Credit Card
3983,Jacket,,31-07-2023,4,Cash
4086,Dress,41,9/2/2023,3.3,Credit Card
4040,Jeans,80,16-07-2023,3.5,Credit Card
4061,Camisole,115,14-01-2023,,Credit Card
4072,Coat,188,22-09-2023,1.9,Cash
3999,Gloves,24,8/6/2023,3.3,Credit Card
4021,Skirt,,20-05-2023,3.9,Cash
4010,Wallet,171,26-02-2023,4,Credit Card
4086,Skirt,32,15-10-2022,4.3,Cash
3968,Kimono,186,6/12/2022,4.5,Credit Card
4075,Umbrella,190,31-07-2023,1.4,Cash
3963,Onesie,165,5/12/2022,3.9,Credit Card
3975,Leggings,76,3/7/2023,2.4,Credit Card
4120,Tunic,169,27-04-2023,1.2,Cash
4075,Gloves,43,26-02-2023,3.2,Credit Card
4054,Jumpsuit,137,7/9/2023,,Cash
4044,Camisole,171,24-08-2023,4.3,Credit Card
4059,Boots,56,2/2/2023,,Cash
4006,Skirt,69,13-01-2023,4.6,Credit Card
4058,Hat,59,16-10-2022,2.2,Credit Card
3966,Camisole,,18-12-2022,1.5,Cash
3959,Pajamas,,7/5/2023,,Credit Card
4021,Tunic,40,22-08-2023,1.1,Credit Card
3986,Tie,63,29-03-2023,2.2,Credit Card
3991,Jacket,116,17-10-2022,,Cash
4040,Sweater,95,23-07-2023,2.6,Cash
4075,Flip-Flops,173,28-08-2023,,Cash
4081,Sandals,173,28-07-2023,2.9,Cash
4075,Shorts,82,16-04-2023,4,Credit Card
3974,Dress,27,29-09-2023,1.5,Credit Card
3978,Poncho,139,5/1/2023,3.2,Cash
4097,Jacket,11,30-11-2022,3.5,Cash
4019,Bowtie,,14-07-2023,4.8,Credit Card
4069,Tunic,111,6/1/2023,4.5,Credit Card
3992,Swimsuit,167,2/5/2023,3.2,Cash
4077,Loafers,54,13-04-2023,,Cash
4028,Handbag,,21-05-2023,,Credit Card
3998,Jeans,182,25-05-2023,3.1,Credit Card
4000,Hat,131,4/12/2022,4.1,Credit Card
3961,Leggings,175,5/8/2023,3.5,Cash
4112,Skirt,,13-04-2023,3.5,Credit Card
3982,Tank Top,,2/5/2023,3.2,Cash
4002,Bowtie,147,1/5/2023,3.2,Cash
4032,Pajamas,128,12/5/2023,2,Cash
3988,Blouse,115,10/11/2022,2.6,Credit Card
4093,Handbag,24,2/10/2022,2.8,Credit Card
4057,Sunglasses,86,12/12/2022,2.5,Credit Card
4000,Sun Hat,183,11/3/2023,4.6,Cash
3976,Socks,147,21-04-2023,,Cash
3959,Socks,,2/2/2023,2,Credit Card
4026,Sandals,94,21-02-2023,3.6,Credit Card
3996,Kimono,100,30-12-2022,3.5,Credit Card
4069,Bowtie,,18-10-2022,3.7,Cash
4048,Umbrella,,9/12/2022,,Credit Card
4002,Cardigan,96,6/12/2022,2.9,Credit Card
4012,Gloves,170,9/12/2022,3.8,Credit Card
3965,Socks,52,15-09-2023,3.8,Cash
4093,Poncho,109,24-09-2023,1.3,Credit Card
4012,Coat,,22-01-2023,,Cash
4070,Belt,,16-02-2023,1.2,Cash
3969,Flannel Shirt,88,12/8/2023,3.2,Cash
4119,Socks,90,30-07-2023,4.2,Cash
4090,Hoodie,79,7/7/2023,2.3,Cash
4121,Slippers,137,22-10-2022,3.8,Cash
3983,Jeans,105,8/11/2022,3.1,Cash
4056,Handbag,87,16-01-2023,2.5,Credit Card
4035,Wallet,87,14-05-2023,,Cash
4070,Skirt,,6/5/2023,1.2,Cash
3970,Scarf,19,12/7/2023,3.6,Cash
4110,Dress,33,23-01-2023,1.5,Credit Card
3958,Blouse,16,5/5/2023,3.3,Cash
3969,T-shirt,138,8/6/2023,2.2,Credit Card
4053,Swimsuit,,3/4/2023,2.5,Credit Card
4008,Jumpsuit,133,14-08-2023,4.1,Cash
4020,Tie,144,10/10/2022,3.2,Credit Card
4052,Sunglasses,93,19-11-2022,3,Credit Card
4018,Polo Shirt,,1/6/2023,,Cash
4008,Jacket,142,21-05-2023,2,Credit Card
3980,Trousers,43,12/8/2023,,Credit Card
3961,Hat,19,7/11/2022,2.2,Cash
4064,Umbrella,192,18-03-2023,2.5,Cash
3964,Camisole,39,17-12-2022,2.4,Credit Card
3960,Camisole,,23-08-2023,3.3,Cash
4043,Backpack,185,6/3/2023,2.2,Credit Card
4006,Flannel Shirt,32,20-02-2023,1.9,Credit Card
3973,Kimono,21,26-04-2023,4.2,Cash
4013,Socks,,2/12/2022,,Credit Card
3981,Scarf,200,19-02-2023,4.4,Credit Card
3999,Sunglasses,157,1/3/2023,4.2,Credit Card
3999,Onesie,173,15-10-2022,4.1,Cash
3968,Trench Coat,92,13-08-2023,1.7,Credit Card
4063,Raincoat,83,25-12-2022,3.8,Cash
4088,Raincoat,91,18-01-2023,,Credit Card
3984,Flip-Flops,181,4/2/2023,2.3,Cash
4040,Sun Hat,,30-03-2023,1.9,Credit Card
4039,Blouse,,3/11/2022,,Credit Card
4100,Jacket,13,24-05-2023,3.7,Credit Card
4117,Bowtie,153,6/3/2023,1.7,Credit Card
4005,Belt,62,22-04-2023,2.2,Cash
4116,Handbag,150,4/4/2023,4.2,Cash
4010,Pajamas,46,12/5/2023,4.5,Credit Card
4095,Jacket,82,8/3/2023,2.9,Credit Card
4058,Sunglasses,53,12/12/2022,4.1,Credit Card
4066,Hoodie,,12/4/2023,2.6,Credit Card
3987,Blouse,96,28-10-2022,1.7,Cash
4016,Flannel Shirt,22,27-11-2022,1.4,Credit Card
4011,Blazer,,10/7/2023,4.9,Cash
3984,Skirt,182,16-04-2023,4.8,Credit Card
4048,Shorts,,5/2/2023,3.1,Credit Card
4039,Kimono,32,9/6/2023,1.2,Cash
4001,Gloves,55,6/12/2022,4.9,Credit Card
3960,Sweater,161,14-04-2023,,Credit Card
4059,Loafers,186,21-01-2023,3.1,Credit Card
4037,Polo Shirt,167,5/11/2022,3.8,Credit Card
3960,Trousers,95,19-07-2023,1.5,Cash
4056,Jeans,192,28-07-2023,1.7,Credit Card
4011,Gloves,146,2/4/2023,4.8,Cash
4074,Cardigan,,27-08-2023,4.1,Cash
4013,Sandals,129,15-04-2023,,Cash
3973,Pajamas,33,11/8/2023,2.8,Cash
4028,Romper,188,22-08-2023,2.6,Cash
4116,Raincoat,126,22-03-2023,1.7,Cash
4051,Jacket,174,2/4/2023,1.3,Credit Card
3968,Coat,129,27-07-2023,4.7,Credit Card
3974,Cardigan,67,21-12-2022,,Cash
4012,Jacket,,25-08-2023,1.9,Credit Card
4062,Polo Shirt,76,3/1/2023,2.9,Cash
4034,Sunglasses,110,7/6/2023,2.4,Credit Card
4110,Boots,,17-09-2023,2.5,Credit Card
4084,Flannel Shirt,94,14-05-2023,1.2,Credit Card
3983,Flip-Flops,93,12/4/2023,4.9,Cash
4094,Trench Coat,17,13-02-2023,2.5,Credit Card
4102,Blazer,,18-11-2022,3.1,Credit Card
4000,Vest,,3/3/2023,1.5,Cash
4021,Flip-Flops,53,9/8/2023,4,Cash
3981,Sweater,99,25-10-2022,4.5,Cash
4110,Polo Shirt,42,15-10-2022,4,Cash
4040,Tank Top,113,20-01-2023,1.2,Credit Card
4118,Shorts,37,9/7/2023,2.7,Cash
4056,Slippers,176,16-03-2023,2.5,Cash
3991,Onesie,,3/10/2022,2.4,Credit Card
4042,Sandals,128,1/1/2023,1.8,Cash
4001,Backpack,115,22-03-2023,1.4,Cash
